,Date,Open,High,Low,Close,Volume,Symbol
0,2000-01-03,2.8333330154418945,2.9166669845581055,2.5833330154418945,2.9166669845581055,134400,SNBR
1,2000-01-04,2.8333330154418945,2.9375,2.7916669845581055,2.9375,50250,SNBR
2,2000-01-05,2.9375,3.0,2.8333330154418945,3.0,57600,SNBR
3,2000-01-06,3.0,3.0,2.9166669845581055,2.9166669845581055,29100,SNBR
4,2000-01-07,3.0,3.0,2.9166669845581055,2.9583330154418945,15000,SNBR
5,2000-01-10,2.9166669845581055,3.0,2.9166669845581055,2.9166669845581055,9000,SNBR
6,2000-01-11,2.9166669845581055,3.125,2.9166669845581055,3.0416669845581055,64650,SNBR
7,2000-01-12,3.0833330154418945,3.1666669845581055,3.0833330154418945,3.1041669845581055,58500,SNBR
8,2000-01-13,3.125,3.1666669845581055,3.0833330154418945,3.125,36600,SNBR
9,2000-01-14,3.0833330154418945,3.1666669845581055,3.0833330154418945,3.0833330154418945,36000,SNBR
10,2000-01-18,3.0833330154418945,3.125,3.0416669845581055,3.0833330154418945,51000,SNBR
11,2000-01-19,3.0416669845581055,3.1666669845581055,3.0,3.0416669845581055,37200,SNBR
12,2000-01-20,3.0416669845581055,3.125,3.0416669845581055,3.0416669845581055,33750,SNBR
13,2000-01-21,3.0625,3.0729169845581055,3.0416669845581055,3.0416669845581055,49500,SNBR
14,2000-01-24,3.1041669845581055,3.125,3.0,3.0416669845581055,45600,SNBR
15,2000-01-25,3.0416669845581055,3.0833330154418945,3.0,3.0833330154418945,96750,SNBR
16,2000-01-26,3.0625,3.0833330154418945,3.0,3.0416669845581055,52950,SNBR
17,2000-01-27,3.0416669845581055,3.125,3.0,3.0416669845581055,52050,SNBR
18,2000-01-28,3.0520830154418945,3.0625,3.0416669845581055,3.0416669845581055,25500,SNBR
19,2000-01-31,3.0625,3.0833330154418945,3.0416669845581055,3.0833330154418945,70800,SNBR
20,2000-02-01,3.0416669845581055,3.0833330154418945,2.9166669845581055,2.9166669845581055,78900,SNBR
21,2000-02-02,2.9166669845581055,2.9375,2.9166669845581055,2.9166669845581055,21900,SNBR
22,2000-02-03,2.9166669845581055,3.0,2.9166669845581055,2.9166669845581055,26550,SNBR
23,2000-02-04,2.9270830154418945,3.0,2.9166669845581055,2.9166669845581055,20850,SNBR
24,2000-02-07,2.9166669845581055,3.0833330154418945,2.9166669845581055,3.0833330154418945,26250,SNBR
25,2000-02-08,3.03125,3.1666669845581055,3.0,3.125,199650,SNBR
26,2000-02-09,3.125,3.2916669845581055,3.125,3.2083330154418945,86550,SNBR
27,2000-02-10,3.25,3.2916669845581055,3.2083330154418945,3.2916669845581055,65700,SNBR
28,2000-02-11,3.2916669845581055,3.2916669845581055,3.2708330154418945,3.2916669845581055,128250,SNBR
29,2000-02-14,3.2916669845581055,3.3333330154418945,3.25,3.2708330154418945,65400,SNBR
30,2000-02-15,3.2916669845581055,3.2916669845581055,3.0,3.0,376800,SNBR
31,2000-02-16,3.2916669845581055,3.4166669845581055,3.2083330154418945,3.25,62850,SNBR
32,2000-02-17,3.3333330154418945,3.3333330154418945,3.2083330154418945,3.3125,22800,SNBR
33,2000-02-18,3.3125,3.3125,2.9166669845581055,2.9166669845581055,42750,SNBR
34,2000-02-22,2.9166669845581055,3.0625,2.6666669845581055,3.0,10200,SNBR
35,2000-02-23,2.9166669845581055,3.0,2.8333330154418945,3.0,19650,SNBR
36,2000-02-24,2.9166669845581055,3.0833330154418945,2.9166669845581055,3.0,38400,SNBR
37,2000-02-25,3.0416669845581055,3.0520830154418945,2.8958330154418945,3.0,63450,SNBR
38,2000-02-28,3.0104169845581055,3.0833330154418945,2.75,2.9166669845581055,488250,SNBR
39,2000-02-29,3.0,3.75,2.9166669845581055,3.6666669845581055,262050,SNBR
40,2000-03-01,3.5208330154418945,3.9583330154418945,3.5208330154418945,3.8333330154418945,237900,SNBR
41,2000-03-02,3.8958330154418945,3.8958330154418945,3.5833330154418945,3.625,153900,SNBR
42,2000-03-03,3.6666669845581055,3.7083330154418945,3.625,3.7083330154418945,12750,SNBR
43,2000-03-06,3.625,3.7083330154418945,3.625,3.7083330154418945,128100,SNBR
44,2000-03-07,3.8125,3.8333330154418945,3.5625,3.625,37500,SNBR
45,2000-03-08,3.6666669845581055,3.9166669845581055,3.6666669845581055,3.75,66600,SNBR
46,2000-03-09,3.6666669845581055,3.75,3.6666669845581055,3.7083330154418945,88800,SNBR
47,2000-03-10,3.7916669845581055,3.9583330154418945,3.625,3.8333330154418945,108450,SNBR
48,2000-03-13,3.8333330154418945,4.4166669845581055,3.75,4.3333330154418945,156600,SNBR
49,2000-03-14,4.4479169845581055,4.4583330154418945,4.0,4.0,61800,SNBR
50,2000-03-15,4.0,4.4166669845581055,3.9583330154418945,4.0833330154418945,85350,SNBR
51,2000-03-16,4.3333330154418945,4.3333330154418945,4.0833330154418945,4.3333330154418945,51150,SNBR
52,2000-03-17,4.2916669845581055,4.3333330154418945,4.25,4.3333330154418945,372900,SNBR
53,2000-03-20,4.3541669845581055,4.375,4.1666669845581055,4.25,18600,SNBR
54,2000-03-21,4.28125,4.28125,3.8333330154418945,3.8333330154418945,52200,SNBR
55,2000-03-22,3.9791669845581055,4.0,3.875,3.875,41700,SNBR
56,2000-03-23,3.875,4.2916669845581055,3.5833330154418945,3.6666669845581055,55050,SNBR
57,2000-03-24,3.7083330154418945,3.75,3.5833330154418945,3.5833330154418945,19500,SNBR
58,2000-03-27,3.6041669845581055,3.75,3.25,3.375,77700,SNBR
59,2000-03-28,3.3333330154418945,3.5416669845581055,3.0833330154418945,3.1875,39900,SNBR
60,2000-03-29,3.1875,3.375,3.1875,3.375,6600,SNBR
61,2000-03-30,3.1875,3.4166669845581055,3.1875,3.2083330154418945,15150,SNBR
62,2000-03-31,3.2916669845581055,3.6666669845581055,3.2916669845581055,3.6666669845581055,37950,SNBR
63,2000-04-03,3.75,3.75,3.2083330154418945,3.3333330154418945,24600,SNBR
64,2000-04-04,3.4583330154418945,3.5833330154418945,3.1666669845581055,3.2916669845581055,53550,SNBR
65,2000-04-05,3.2916669845581055,3.5,3.1666669845581055,3.3333330154418945,9900,SNBR
66,2000-04-06,3.3125,3.375,3.25,3.3333330154418945,26250,SNBR
67,2000-04-07,3.1875,3.3333330154418945,3.1875,3.1875,47250,SNBR
68,2000-04-10,3.3125,3.3333330154418945,3.1666669845581055,3.1666669845581055,36750,SNBR
69,2000-04-11,3.1666669845581055,3.2604169845581055,3.0833330154418945,3.125,16650,SNBR
70,2000-04-12,3.2291669845581055,3.2291669845581055,3.0833330154418945,3.2291669845581055,27450,SNBR
71,2000-04-13,3.0833330154418945,3.25,3.0416669845581055,3.25,11400,SNBR
72,2000-04-14,3.2916669845581055,3.2916669845581055,3.0,3.0416669845581055,15750,SNBR
73,2000-04-17,2.9583330154418945,3.25,2.9583330154418945,3.0833330154418945,58200,SNBR
74,2000-04-18,3.1666669845581055,3.3333330154418945,2.8333330154418945,3.0,44100,SNBR
75,2000-04-19,2.8854169845581055,2.9375,2.75,2.9166669845581055,30600,SNBR
76,2000-04-20,2.75,2.8333330154418945,2.7083330154418945,2.7083330154418945,26700,SNBR
77,2000-04-24,2.8333330154418945,2.9166669845581055,2.5833330154418945,2.9166669845581055,49050,SNBR
78,2000-04-25,2.8958330154418945,2.9166669845581055,2.5833330154418945,2.8958330154418945,71250,SNBR
79,2000-04-26,2.6666669845581055,2.7916669845581055,2.5833330154418945,2.7916669845581055,18300,SNBR
80,2000-04-27,2.7916669845581055,2.7916669845581055,2.5416669845581055,2.5416669845581055,162300,SNBR
81,2000-04-28,2.5833330154418945,2.8958330154418945,2.5833330154418945,2.8958330154418945,15600,SNBR
82,2000-05-01,2.7916669845581055,2.8333330154418945,2.5416669845581055,2.6666669845581055,49350,SNBR
83,2000-05-02,2.6458330154418945,2.8958330154418945,2.5833330154418945,2.5833330154418945,56550,SNBR
84,2000-05-03,2.5625,2.8333330154418945,2.5625,2.6458330154418945,34950,SNBR
85,2000-05-04,2.6458330154418945,2.6458330154418945,2.5,2.5,21300,SNBR
86,2000-05-05,2.5,2.7083330154418945,2.3333330154418945,2.4583330154418945,85050,SNBR
87,2000-05-08,2.4375,2.6666669845581055,2.4375,2.6041669845581055,98400,SNBR
88,2000-05-09,2.75,2.8333330154418945,2.625,2.625,25800,SNBR
89,2000-05-10,2.4583330154418945,2.5833330154418945,2.2083330154418945,2.5833330154418945,313650,SNBR
90,2000-05-11,2.4166669845581055,2.5625,2.4166669845581055,2.5625,20550,SNBR
91,2000-05-12,2.5833330154418945,2.5833330154418945,2.4166669845581055,2.5,41100,SNBR
92,2000-05-15,2.5,2.5,2.4583330154418945,2.5,91200,SNBR
93,2000-05-16,2.5416669845581055,2.5416669845581055,2.4583330154418945,2.4583330154418945,41550,SNBR
94,2000-05-17,2.4583330154418945,2.5,2.4583330154418945,2.5,15750,SNBR
95,2000-05-18,2.4791669845581055,2.4791669845581055,2.3333330154418945,2.4166669845581055,78900,SNBR
96,2000-05-19,2.4166669845581055,2.4791669845581055,2.2916669845581055,2.4791669845581055,92700,SNBR
97,2000-05-22,2.4583330154418945,2.5416669845581055,2.3333330154418945,2.4583330154418945,34050,SNBR
98,2000-05-23,2.4791669845581055,2.5,2.375,2.4166669845581055,37950,SNBR
99,2000-05-24,2.34375,2.4166669845581055,2.25,2.25,24000,SNBR
100,2000-05-25,2.3333330154418945,2.5833330154418945,2.3333330154418945,2.5833330154418945,39000,SNBR
101,2000-05-26,2.5,2.6458330154418945,2.5,2.6458330154418945,14400,SNBR
102,2000-05-30,2.6458330154418945,2.6666669845581055,2.4166669845581055,2.5625,33450,SNBR
103,2000-05-31,2.5625,2.6458330154418945,2.5208330154418945,2.5208330154418945,32400,SNBR
104,2000-06-01,2.5833330154418945,2.5833330154418945,2.4166669845581055,2.4375,48450,SNBR
105,2000-06-02,2.4166669845581055,2.4166669845581055,2.2916669845581055,2.375,38850,SNBR
106,2000-06-05,2.3854169845581055,2.4791669845581055,2.25,2.3333330154418945,41550,SNBR
107,2000-06-06,2.25,2.2916669845581055,2.2083330154418945,2.2083330154418945,30150,SNBR
108,2000-06-07,2.1666669845581055,2.25,2.0,2.0416669845581055,61200,SNBR
109,2000-06-08,2.0625,2.1666669845581055,2.0,2.0,66750,SNBR
110,2000-06-09,2.0208330154418945,2.0208330154418945,1.9583330154418945,1.9791669845581055,32400,SNBR
111,2000-06-12,2.0,2.0,1.75,1.9166669845581055,71700,SNBR
112,2000-06-13,2.0625,2.2916669845581055,2.0416669845581055,2.2916669845581055,77400,SNBR
113,2000-06-14,2.2916669845581055,2.3333330154418945,2.0,2.1458330154418945,79800,SNBR
114,2000-06-15,2.25,2.25,1.6458330154418945,1.75,131550,SNBR
115,2000-06-16,1.8125,2.1458330154418945,1.6666669845581055,2.0416669845581055,83100,SNBR
116,2000-06-19,1.875,2.125,1.8333330154418945,1.9166669845581055,11550,SNBR
117,2000-06-20,2.1666669845581055,2.1666669845581055,1.9583330154418945,1.9583330154418945,5250,SNBR
118,2000-06-21,1.9583330154418945,2.1458330154418945,1.9166669845581055,2.0208330154418945,28800,SNBR
119,2000-06-22,2.0208330154418945,2.0208330154418945,2.0,2.0,4500,SNBR
120,2000-06-23,2.0,2.3333330154418945,1.9791669845581055,2.0,82650,SNBR
121,2000-06-26,2.0,2.0416669845581055,2.0,2.0,13650,SNBR
122,2000-06-27,1.9791669845581055,2.0729169845581055,1.9166669845581055,1.9375,17100,SNBR
123,2000-06-28,2.0,2.0,1.9166669845581055,1.9375,60000,SNBR
124,2000-06-29,1.8958330154418945,1.8958330154418945,1.5,1.5833330154418945,190950,SNBR
125,2000-06-30,1.625,2.1666669845581055,1.4791669845581055,2.125,560850,SNBR
126,2000-07-03,2.0,2.1666669845581055,1.6666669845581055,1.6666669845581055,87300,SNBR
127,2000-07-05,1.7708330154418945,1.8541669845581055,1.7083330154418945,1.8333330154418945,74100,SNBR
128,2000-07-06,1.8541669845581055,1.8541669845581055,1.6666669845581055,1.6666669845581055,17100,SNBR
129,2000-07-07,1.75,1.8541669845581055,1.6666669845581055,1.6666669845581055,40350,SNBR
130,2000-07-10,1.7083330154418945,1.7916669845581055,1.7083330154418945,1.75,87300,SNBR
131,2000-07-11,1.75,1.8958330154418945,1.75,1.7604169845581055,53100,SNBR
132,2000-07-12,1.7083330154418945,1.7604169845581055,1.6666669845581055,1.75,52050,SNBR
133,2000-07-13,1.7083330154418945,1.8333330154418945,1.7083330154418945,1.7916669845581055,59550,SNBR
134,2000-07-14,1.8229169845581055,1.9583330154418945,1.8125,1.9583330154418945,35400,SNBR
135,2000-07-17,1.9166669845581055,1.9791669845581055,1.7916669845581055,1.9166669845581055,75150,SNBR
136,2000-07-18,1.7916669845581055,1.9166669845581055,1.75,1.9166669845581055,73950,SNBR
137,2000-07-19,1.8541669845581055,1.8541669845581055,1.6666669845581055,1.8125,49950,SNBR
138,2000-07-20,1.6875,1.7916669845581055,1.6666669845581055,1.6666669845581055,32850,SNBR
139,2000-07-21,1.6666669845581055,1.7291669845581055,1.625,1.6666669845581055,47700,SNBR
140,2000-07-24,1.6666669845581055,1.7916669845581055,1.625,1.7083330154418945,64650,SNBR
141,2000-07-25,1.6770830154418945,1.7916669845581055,1.6666669845581055,1.7916669845581055,39150,SNBR
142,2000-07-26,1.6458330154418945,1.7916669845581055,1.6458330154418945,1.7916669845581055,17250,SNBR
143,2000-07-27,1.6458330154418945,2.0,1.6458330154418945,1.6666669845581055,6150,SNBR
144,2000-07-28,1.7395830154418945,2.0,1.6458330154418945,1.6458330154418945,44400,SNBR
145,2000-07-31,1.5416669845581055,1.75,1.5208330154418945,1.5208330154418945,21750,SNBR
146,2000-08-01,1.6666669845581055,1.8333330154418945,1.6458330154418945,1.8333330154418945,198000,SNBR
147,2000-08-02,1.8541669845581055,1.875,1.7916669845581055,1.8333330154418945,23250,SNBR
148,2000-08-03,1.8958330154418945,1.9583330154418945,1.7916669845581055,1.9166669845581055,39450,SNBR
149,2000-08-04,1.8333330154418945,1.9791669845581055,1.7916669845581055,1.7916669845581055,29850,SNBR
150,2000-08-07,1.875,1.9583330154418945,1.8333330154418945,1.8333330154418945,15900,SNBR
151,2000-08-08,1.7916669845581055,1.8333330154418945,1.7916669845581055,1.7916669845581055,4200,SNBR
152,2000-08-09,1.9166669845581055,1.9166669845581055,1.7916669845581055,1.8333330154418945,38250,SNBR
153,2000-08-10,1.7916669845581055,1.8333330154418945,1.75,1.8333330154418945,15600,SNBR
154,2000-08-11,1.7916669845581055,2.4583330154418945,1.7916669845581055,2.25,116700,SNBR
155,2000-08-14,2.0833330154418945,2.25,2.0833330154418945,2.25,10650,SNBR
156,2000-08-15,2.3333330154418945,2.3333330154418945,2.25,2.25,30300,SNBR
157,2000-08-16,2.2916669845581055,2.3333330154418945,2.2916669845581055,2.3333330154418945,16050,SNBR
158,2000-08-17,2.4166669845581055,2.4166669845581055,2.1666669845581055,2.1666669845581055,72600,SNBR
159,2000-08-18,2.25,2.25,2.0833330154418945,2.0833330154418945,12600,SNBR
160,2000-08-21,2.0208330154418945,2.0416669845581055,1.8333330154418945,1.8333330154418945,34350,SNBR
161,2000-08-22,1.8541669845581055,1.8541669845581055,1.8541669845581055,1.8541669845581055,1500,SNBR
162,2000-08-23,1.8541669845581055,1.9166669845581055,1.8541669845581055,1.8541669845581055,1200,SNBR
163,2000-08-24,1.9583330154418945,2.0416669845581055,1.7083330154418945,1.7083330154418945,79050,SNBR
164,2000-08-25,1.7083330154418945,1.8333330154418945,1.7083330154418945,1.75,5100,SNBR
165,2000-08-28,1.75,2.0,1.5833330154418945,1.625,186900,SNBR
166,2000-08-29,1.6979169845581055,1.7083330154418945,1.625,1.625,195600,SNBR
167,2000-08-30,1.7083330154418945,1.7083330154418945,1.625,1.6458330154418945,92700,SNBR
168,2000-08-31,1.6666669845581055,1.6666669845581055,1.3333330154418945,1.4166669845581055,439950,SNBR
169,2000-09-01,1.4895830154418945,1.6666669845581055,1.4895830154418945,1.6666669845581055,34650,SNBR
170,2000-09-05,1.6666669845581055,1.75,1.6666669845581055,1.6666669845581055,18300,SNBR
171,2000-09-06,1.6666669845581055,1.75,1.6666669845581055,1.75,5850,SNBR
172,2000-09-07,1.75,1.8333330154418945,1.75,1.75,38550,SNBR
173,2000-09-08,1.7916669845581055,1.9791669845581055,1.7083330154418945,1.875,698100,SNBR
174,2000-09-11,1.8333330154418945,1.875,1.75,1.7708330154418945,31500,SNBR
175,2000-09-12,1.75,1.75,1.75,1.75,6000,SNBR
176,2000-09-13,1.8333330154418945,1.9166669845581055,1.75,1.875,196800,SNBR
177,2000-09-14,1.9166669845581055,1.9583330154418945,1.875,1.875,40350,SNBR
178,2000-09-15,1.875,1.9375,1.875,1.9375,67500,SNBR
179,2000-09-18,1.9583330154418945,1.9583330154418945,1.875,1.9166669845581055,123300,SNBR
180,2000-09-19,1.875,1.875,1.8333330154418945,1.875,3750,SNBR
181,2000-09-20,1.875,1.875,1.7916669845581055,1.8333330154418945,19500,SNBR
182,2000-09-21,1.7916669845581055,1.7916669845581055,1.75,1.7916669845581055,5100,SNBR
183,2000-09-22,1.7708330154418945,1.8541669845581055,1.7083330154418945,1.7083330154418945,24750,SNBR
184,2000-09-25,1.7916669845581055,1.875,1.3333330154418945,1.4583330154418945,323400,SNBR
185,2000-09-26,1.4166669845581055,1.5,1.4166669845581055,1.4583330154418945,67350,SNBR
186,2000-09-27,1.4583330154418945,1.625,1.4583330154418945,1.4583330154418945,19650,SNBR
187,2000-09-28,1.4583330154418945,1.5208330154418945,1.2916669845581055,1.3958330154418945,144600,SNBR
188,2000-09-29,1.3541669845581055,1.5,0.9583330154418945,0.9583330154418945,403200,SNBR
189,2000-10-02,1.1145830154418945,1.4166669845581055,1.0,1.2916669845581055,192450,SNBR
190,2000-10-03,1.3333330154418945,1.4166669845581055,1.0833330154418945,1.25,53550,SNBR
191,2000-10-04,1.25,1.375,1.15625,1.1666669845581055,18000,SNBR
192,2000-10-05,1.3125,1.375,1.1666669845581055,1.375,212850,SNBR
193,2000-10-06,1.375,1.4166669845581055,1.3333330154418945,1.4166669845581055,20400,SNBR
194,2000-10-09,1.3854169845581055,1.5,1.3333330154418945,1.5,61050,SNBR
195,2000-10-10,1.5,1.5833330154418945,1.4791669845581055,1.5833330154418945,393300,SNBR
196,2000-10-11,1.5833330154418945,1.5833330154418945,1.3958330154418945,1.5416669845581055,84750,SNBR
197,2000-10-12,1.5,1.5833330154418945,1.5,1.5416669845581055,167400,SNBR
198,2000-10-13,1.5416669845581055,1.5833330154418945,1.5,1.5,30300,SNBR
199,2000-10-16,1.5833330154418945,1.5833330154418945,1.4583330154418945,1.5625,47400,SNBR
200,2000-10-17,1.5416669845581055,1.625,1.4583330154418945,1.5833330154418945,65550,SNBR
201,2000-10-18,1.5416669845581055,1.625,1.5416669845581055,1.5416669845581055,55500,SNBR
202,2000-10-19,1.625,1.625,1.5,1.5833330154418945,39000,SNBR
203,2000-10-20,1.5,1.625,1.5,1.5833330154418945,18600,SNBR
204,2000-10-23,1.6145830154418945,1.6145830154418945,1.5,1.5208330154418945,47250,SNBR
205,2000-10-24,1.5208330154418945,1.5833330154418945,1.5208330154418945,1.5833330154418945,2250,SNBR
206,2000-10-25,1.53125,1.5833330154418945,1.4791669845581055,1.4791669845581055,23400,SNBR
207,2000-10-26,1.4583330154418945,1.5416669845581055,1.1666669845581055,1.375,59700,SNBR
208,2000-10-27,1.3333330154418945,1.4166669845581055,1.25,1.3958330154418945,20250,SNBR
209,2000-10-30,1.4166669845581055,1.4166669845581055,1.1875,1.3333330154418945,48300,SNBR
210,2000-10-31,1.25,1.625,1.25,1.625,33450,SNBR
211,2000-11-01,1.5833330154418945,1.6041669845581055,1.4583330154418945,1.4583330154418945,48600,SNBR
212,2000-11-02,1.3958330154418945,1.6666669845581055,1.3958330154418945,1.5833330154418945,48450,SNBR
213,2000-11-03,1.5416669845581055,1.5625,1.4166669845581055,1.4166669845581055,7350,SNBR
214,2000-11-06,1.5208330154418945,1.6666669845581055,1.4166669845581055,1.4583330154418945,31800,SNBR
215,2000-11-07,1.4166669845581055,1.5,1.3333330154418945,1.3333330154418945,10350,SNBR
216,2000-11-08,1.3958330154418945,1.3958330154418945,1.3333330154418945,1.3333330154418945,38700,SNBR
217,2000-11-09,1.4583330154418945,1.4583330154418945,1.3333330154418945,1.3333330154418945,2250,SNBR
218,2000-11-10,1.3333330154418945,1.3333330154418945,1.3333330154418945,1.3333330154418945,33300,SNBR
219,2000-11-13,1.3333330154418945,1.3333330154418945,1.25,1.3333330154418945,21450,SNBR
220,2000-11-14,1.4166669845581055,1.4583330154418945,1.3125,1.3125,9300,SNBR
221,2000-11-15,1.34375,1.34375,1.2916669845581055,1.3333330154418945,72750,SNBR
222,2000-11-16,1.25,1.2916669845581055,1.25,1.2916669845581055,32550,SNBR
223,2000-11-17,1.3333330154418945,1.3333330154418945,1.25,1.3333330154418945,7950,SNBR
224,2000-11-20,1.25,1.3333330154418945,1.125,1.125,71400,SNBR
225,2000-11-21,1.1666669845581055,1.3333330154418945,1.1666669845581055,1.3333330154418945,47100,SNBR
226,2000-11-22,1.25,1.25,1.1666669845581055,1.25,7200,SNBR
227,2000-11-24,1.2916669845581055,1.3125,1.2916669845581055,1.3125,12150,SNBR
228,2000-11-27,1.25,1.25,1.2291669845581055,1.25,9600,SNBR
229,2000-11-28,1.3333330154418945,1.4166669845581055,1.1666669845581055,1.25,42900,SNBR
230,2000-11-29,1.25,1.3333330154418945,1.1666669845581055,1.2916669845581055,15000,SNBR
231,2000-11-30,1.2083330154418945,1.375,1.2083330154418945,1.375,154800,SNBR
232,2000-12-01,1.2708330154418945,1.3958330154418945,1.2708330154418945,1.2916669845581055,18300,SNBR
233,2000-12-04,1.28125,1.375,1.1875,1.2083330154418945,38400,SNBR
234,2000-12-05,1.2916669845581055,1.3333330154418945,1.25,1.25,12750,SNBR
235,2000-12-06,1.25,1.25,1.1666669845581055,1.1666669845581055,44700,SNBR
236,2000-12-07,1.1666669845581055,1.2083330154418945,1.0,1.0,91350,SNBR
237,2000-12-08,1.0833330154418945,1.1666669845581055,1.0,1.0208330154418945,28200,SNBR
238,2000-12-11,1.0208330154418945,1.2083330154418945,1.0208330154418945,1.2083330154418945,55500,SNBR
239,2000-12-12,1.125,1.125,1.0208330154418945,1.0833330154418945,7200,SNBR
240,2000-12-13,1.0416669845581055,1.1875,1.0,1.0208330154418945,10200,SNBR
241,2000-12-14,1.0,1.2083330154418945,1.0,1.2083330154418945,19800,SNBR
242,2000-12-15,1.0416669845581055,1.0833330154418945,0.9583330154418945,0.9583330154418945,215100,SNBR
243,2000-12-18,0.9166669845581055,1.0,0.8333330154418945,0.9583330154418945,129150,SNBR
244,2000-12-19,0.875,1.0,0.8333330154418945,0.9583330154418945,91200,SNBR
245,2000-12-20,0.9166669845581055,0.9166669845581055,0.8333330154418945,0.8333330154418945,36300,SNBR
246,2000-12-21,0.8333330154418945,0.9166669845581055,0.8333330154418945,0.875,47400,SNBR
247,2000-12-22,0.8333330154418945,0.9166669845581055,0.7083330154418945,0.8333330154418945,126000,SNBR
248,2000-12-26,0.75,0.75,0.6875,0.75,53550,SNBR
249,2000-12-27,0.6875,0.7083330154418945,0.625,0.6666669845581055,74100,SNBR
250,2000-12-28,0.7083330154418945,0.7083330154418945,0.5833330154418945,0.6458330154418945,209250,SNBR
251,2000-12-29,0.7083330154418945,0.9583330154418945,0.6666669845581055,0.9583330154418945,342600,SNBR
252,2001-01-02,0.9583330154418945,1.0416669845581055,0.9375,0.9375,4500,SNBR
253,2001-01-03,1.0,1.0,1.0,1.0,600,SNBR
254,2001-01-04,1.0833330154418945,1.0833330154418945,0.9166669845581055,1.0,16800,SNBR
255,2001-01-05,1.0,1.0416669845581055,0.8333330154418945,0.9166669845581055,19350,SNBR
256,2001-01-08,0.9791669845581055,1.0,0.75,0.8333330154418945,19800,SNBR
257,2001-01-09,0.9166669845581055,0.9583330154418945,0.8333330154418945,0.9583330154418945,17250,SNBR
258,2001-01-10,0.9583330154418945,0.9583330154418945,0.8958330154418945,0.8958330154418945,15900,SNBR
259,2001-01-11,0.9791669845581055,1.125,0.875,1.0833330154418945,75750,SNBR
260,2001-01-12,1.0,1.0625,0.9166669845581055,1.0625,8700,SNBR
261,2001-01-16,1.0625,1.0625,0.9166669845581055,0.9166669845581055,88500,SNBR
262,2001-01-17,1.0625,1.0625,0.9166669845581055,0.9166669845581055,18900,SNBR
263,2001-01-18,0.9583330154418945,1.0,0.9166669845581055,0.9583330154418945,20100,SNBR
264,2001-01-19,0.9166669845581055,1.25,0.875,1.25,159600,SNBR
265,2001-01-22,1.1770830154418945,1.2916669845581055,1.125,1.25,21450,SNBR
266,2001-01-23,1.25,1.2916669845581055,1.2083330154418945,1.2916669845581055,10800,SNBR
267,2001-01-24,1.25,1.3333330154418945,1.125,1.3333330154418945,54300,SNBR
268,2001-01-25,1.25,1.3333330154418945,1.25,1.3125,51450,SNBR
269,2001-01-26,1.3020830154418945,1.375,1.2916669845581055,1.3125,45000,SNBR
270,2001-01-29,1.2916669845581055,1.2916669845581055,1.2916669845581055,1.2916669845581055,600,SNBR
271,2001-01-30,1.25,1.25,1.1666669845581055,1.1666669845581055,4500,SNBR
272,2001-01-31,1.1666669845581055,1.3333330154418945,1.0833330154418945,1.2916669845581055,69000,SNBR
273,2001-02-01,1.2083330154418945,1.2916669845581055,1.125,1.1666669845581055,5250,SNBR
274,2001-02-02,1.125,1.125,1.0,1.0416669845581055,14700,SNBR
275,2001-02-05,1.1666669845581055,1.3125,1.0833330154418945,1.3125,12900,SNBR
276,2001-02-06,1.1666669845581055,1.2916669845581055,1.1666669845581055,1.25,29700,SNBR
277,2001-02-07,1.2083330154418945,1.2083330154418945,1.125,1.1666669845581055,39750,SNBR
278,2001-02-08,1.1666669845581055,1.2083330154418945,1.1666669845581055,1.1666669845581055,46650,SNBR
279,2001-02-09,1.1666669845581055,1.2291669845581055,1.1666669845581055,1.1666669845581055,11250,SNBR
280,2001-02-12,1.2291669845581055,1.2291669845581055,1.1666669845581055,1.2291669845581055,5100,SNBR
281,2001-02-13,1.1666669845581055,1.1666669845581055,1.1666669845581055,1.1666669845581055,450,SNBR
282,2001-02-14,1.2291669845581055,1.2291669845581055,1.1666669845581055,1.1666669845581055,21000,SNBR
283,2001-02-15,1.1666669845581055,1.1666669845581055,1.1666669845581055,1.1666669845581055,12450,SNBR
284,2001-02-16,1.1666669845581055,1.1666669845581055,1.1666669845581055,1.1666669845581055,1350,SNBR
285,2001-02-20,1.1666669845581055,1.1666669845581055,1.125,1.125,17700,SNBR
286,2001-02-21,1.125,1.125,1.0,1.0,4500,SNBR
287,2001-02-22,1.1145830154418945,1.25,1.1145830154418945,1.25,10950,SNBR
288,2001-02-23,1.1666669845581055,1.3333330154418945,1.0,1.3333330154418945,33600,SNBR
289,2001-02-26,1.2916669845581055,1.3333330154418945,1.1666669845581055,1.3333330154418945,7050,SNBR
290,2001-02-27,1.1666669845581055,1.2916669845581055,1.1666669845581055,1.2916669845581055,53250,SNBR
291,2001-02-28,1.3333330154418945,1.625,1.3333330154418945,1.625,80550,SNBR
292,2001-03-01,1.5,1.5,1.4583330154418945,1.5,28800,SNBR
293,2001-03-02,1.5,1.5,1.4375,1.4583330154418945,5250,SNBR
294,2001-03-05,1.5,1.5,1.3333330154418945,1.4166669845581055,23250,SNBR
295,2001-03-06,1.40625,1.4166669845581055,1.25,1.4166669845581055,7200,SNBR
296,2001-03-07,1.3333330154418945,1.4166669845581055,1.3333330154418945,1.3333330154418945,2850,SNBR
297,2001-03-08,1.3333330154418945,1.3333330154418945,1.3333330154418945,1.3333330154418945,0,SNBR
298,2001-03-09,1.25,1.25,1.25,1.25,900,SNBR
299,2001-03-12,1.1875,1.25,1.1666669845581055,1.25,36600,SNBR
300,2001-03-13,1.25,1.25,1.25,1.25,900,SNBR
301,2001-03-14,1.25,1.25,1.2083330154418945,1.2083330154418945,12600,SNBR
302,2001-03-15,1.2916669845581055,1.3333330154418945,1.1875,1.1979169845581055,7050,SNBR
303,2001-03-16,1.1875,1.1979169845581055,1.1666669845581055,1.1875,54900,SNBR
304,2001-03-19,1.1875,1.2083330154418945,1.0833330154418945,1.1666669845581055,120150,SNBR
305,2001-03-20,1.1666669845581055,1.1666669845581055,1.125,1.125,3000,SNBR
306,2001-03-21,1.1979169845581055,1.2083330154418945,1.0416669845581055,1.1666669845581055,6750,SNBR
307,2001-03-22,1.0833330154418945,1.0833330154418945,1.0833330154418945,1.0833330154418945,1500,SNBR
308,2001-03-23,1.0416669845581055,1.2916669845581055,0.875,1.2083330154418945,96900,SNBR
309,2001-03-26,1.2291669845581055,1.2291669845581055,1.1458330154418945,1.1458330154418945,1800,SNBR
310,2001-03-27,1.1458330154418945,1.25,1.1041669845581055,1.2083330154418945,61200,SNBR
311,2001-03-28,1.1666669845581055,1.1875,1.125,1.125,18600,SNBR
312,2001-03-29,1.125,1.125,0.9583330154418945,1.0833330154418945,15900,SNBR
313,2001-03-30,1.0416669845581055,1.1458330154418945,0.9583330154418945,1.0625,23100,SNBR
314,2001-04-02,1.0208330154418945,1.0833330154418945,0.9166669845581055,1.0833330154418945,5550,SNBR
315,2001-04-03,0.875,1.0,0.7708330154418945,1.0,34500,SNBR
316,2001-04-04,1.0,1.0,0.9583330154418945,0.9583330154418945,23700,SNBR
317,2001-04-05,0.9583330154418945,0.9791669845581055,0.9166669845581055,0.9791669845581055,3750,SNBR
318,2001-04-06,0.9375,0.9583330154418945,0.9166669845581055,0.9166669845581055,4650,SNBR
319,2001-04-09,0.9200000166893005,0.9200000166893005,0.8666669726371765,0.8799999952316284,4650,SNBR
320,2001-04-10,0.9599999785423279,0.9599999785423279,0.8533329963684082,0.8666669726371765,14550,SNBR
321,2001-04-11,1.0266669988632202,1.0266669988632202,0.800000011920929,0.8666669726371765,5700,SNBR
322,2001-04-12,0.9200000166893005,0.9200000166893005,0.7666670083999634,0.8333330154418945,12750,SNBR
323,2001-04-16,0.9266669750213623,0.9266669750213623,0.6666669845581055,0.7333329916000366,31800,SNBR
324,2001-04-17,0.6666669845581055,0.699999988079071,0.4399999976158142,0.6466670036315918,137100,SNBR
325,2001-04-18,0.6266670227050781,0.6600000262260437,0.5733330249786377,0.6600000262260437,92850,SNBR
326,2001-04-19,0.613332986831665,0.6600000262260437,0.586667001247406,0.586667001247406,34950,SNBR
327,2001-04-20,0.6200000047683716,0.6600000262260437,0.613332986831665,0.6600000262260437,34500,SNBR
328,2001-04-23,0.6466670036315918,0.6466670036315918,0.6266670227050781,0.6466670036315918,18600,SNBR
329,2001-04-24,0.6399999856948853,0.6399999856948853,0.6399999856948853,0.6399999856948853,10800,SNBR
330,2001-04-25,0.6399999856948853,0.7266669869422913,0.613332986831665,0.7266669869422913,11400,SNBR
331,2001-04-26,0.6200000047683716,0.6600000262260437,0.6000000238418579,0.6600000262260437,12750,SNBR
332,2001-04-27,0.6666669845581055,0.6666669845581055,0.5666670203208923,0.6600000262260437,15300,SNBR
333,2001-04-30,0.6200000047683716,0.6333330273628235,0.586667001247406,0.6200000047683716,4800,SNBR
334,2001-05-01,0.6000000238418579,0.6000000238418579,0.5333330035209656,0.6000000238418579,9000,SNBR
335,2001-05-02,0.6000000238418579,0.6000000238418579,0.6000000238418579,0.6000000238418579,13050,SNBR
336,2001-05-03,0.6000000238418579,0.6000000238418579,0.5666670203208923,0.5666670203208923,12300,SNBR
337,2001-05-04,0.5933330059051514,0.7666670083999634,0.5933330059051514,0.7599999904632568,89100,SNBR
338,2001-05-07,0.699999988079071,0.699999988079071,0.6000000238418579,0.6600000262260437,27750,SNBR
339,2001-05-08,0.6000000238418579,0.6733329892158508,0.6000000238418579,0.6533330082893372,19200,SNBR
340,2001-05-09,0.6399999856948853,0.6666669845581055,0.6333330273628235,0.6399999856948853,9600,SNBR
341,2001-05-10,0.6399999856948853,0.6466670036315918,0.6399999856948853,0.6466670036315918,1950,SNBR
342,2001-05-11,0.6399999856948853,0.6399999856948853,0.6399999856948853,0.6399999856948853,3000,SNBR
343,2001-05-14,0.6399999856948853,0.6399999856948853,0.5133330225944519,0.5133330225944519,57450,SNBR
344,2001-05-15,0.5466669797897339,0.5666670203208923,0.5066670179367065,0.5400000214576721,60600,SNBR
345,2001-05-16,0.5333330035209656,0.5400000214576721,0.5133330225944519,0.5133330225944519,84150,SNBR
346,2001-05-17,0.5333330035209656,0.5333330035209656,0.3199999928474426,0.3533329963684082,108900,SNBR
347,2001-05-18,0.3533329963684082,0.3666670024394989,0.30000001192092896,0.33333298563957214,349650,SNBR
348,2001-05-21,0.39333298802375793,0.39333298802375793,0.3533329963684082,0.3666670024394989,87450,SNBR
349,2001-05-22,0.3799999952316284,0.3799999952316284,0.3533329963684082,0.3533329963684082,124800,SNBR
350,2001-05-23,0.3799999952316284,0.43333300948143005,0.34666699171066284,0.3799999952316284,875550,SNBR
351,2001-05-24,0.3799999952316284,0.43333300948143005,0.34666699171066284,0.37333300709724426,151800,SNBR
352,2001-05-25,0.3799999952316284,0.3799999952316284,0.36000001430511475,0.3666670024394989,65400,SNBR
353,2001-05-29,0.3799999952316284,0.38666701316833496,0.3666670024394989,0.3666670024394989,135900,SNBR
354,2001-05-30,0.3799999952316284,0.3799999952316284,0.36000001430511475,0.3666670024394989,172350,SNBR
355,2001-05-31,0.38666701316833496,0.5333330035209656,0.38666701316833496,0.4666669964790344,66450,SNBR
356,2001-06-01,0.4000000059604645,0.5199999809265137,0.4000000059604645,0.4666669964790344,58650,SNBR
357,2001-06-04,0.49333301186561584,0.5933330059051514,0.49333301186561584,0.5733330249786377,25800,SNBR
358,2001-06-05,0.5733330249786377,0.5733330249786377,0.4666669964790344,0.49333301186561584,48000,SNBR
359,2001-06-06,0.5133330225944519,0.5133330225944519,0.46000000834465027,0.46000000834465027,7800,SNBR
360,2001-06-07,0.5066670179367065,0.699999988079071,0.5066670179367065,0.6266670227050781,129150,SNBR
361,2001-06-08,0.6866670250892639,0.6933330297470093,0.6466670036315918,0.6600000262260437,141750,SNBR
362,2001-06-11,0.6866670250892639,0.8133329749107361,0.6666669845581055,0.7599999904632568,143250,SNBR
363,2001-06-12,0.7666670083999634,0.7799999713897705,0.6333330273628235,0.7400000095367432,166050,SNBR
364,2001-06-13,0.7333329916000366,0.9466670155525208,0.7333329916000366,0.8999999761581421,138300,SNBR
365,2001-06-14,0.9533330202102661,1.0399999618530273,0.9466670155525208,0.9733330011367798,176250,SNBR
366,2001-06-15,0.9733330011367798,1.0333329439163208,0.6800000071525574,0.8999999761581421,88050,SNBR
367,2001-06-18,0.9066669940948486,0.9933329820632935,0.7799999713897705,0.8733329772949219,63750,SNBR
368,2001-06-19,0.886667013168335,0.8999999761581421,0.786666989326477,0.8666669726371765,33000,SNBR
369,2001-06-20,0.8066669702529907,1.0066670179367065,0.786666989326477,1.0,50400,SNBR
370,2001-06-21,0.9733330011367798,1.0,0.9533330202102661,0.9733330011367798,12900,SNBR
371,2001-06-22,0.9933329820632935,1.0,0.9533330202102661,0.9733330011367798,27900,SNBR
372,2001-06-25,1.0,1.0333329439163208,0.9200000166893005,0.9333329796791077,21300,SNBR
373,2001-06-26,0.9333329796791077,0.9599999785423279,0.8999999761581421,0.9599999785423279,8700,SNBR
374,2001-06-27,0.9533330202102661,1.0,0.9466670155525208,1.0,4200,SNBR
375,2001-06-28,0.886667013168335,1.100000023841858,0.886667013168335,1.100000023841858,47850,SNBR
376,2001-06-29,1.0866669416427612,1.1200000047683716,1.0333329439163208,1.0666669607162476,41400,SNBR
377,2001-07-02,1.100000023841858,1.100000023841858,0.9266669750213623,1.059999942779541,10200,SNBR
378,2001-07-03,1.100000023841858,1.1266670227050781,1.0333329439163208,1.0666669607162476,5700,SNBR
379,2001-07-05,1.0666669607162476,1.0666669607162476,0.9466670155525208,1.0,38550,SNBR
380,2001-07-06,1.0,1.059999942779541,0.9533330202102661,1.059999942779541,3900,SNBR
381,2001-07-09,1.0333329439163208,1.0333329439163208,0.9066669940948486,1.0266669988632202,21300,SNBR
382,2001-07-10,0.9066669940948486,1.0333329439163208,0.9066669940948486,1.0333329439163208,13050,SNBR
383,2001-07-11,0.9666669964790344,1.0266669988632202,0.9333329796791077,1.0199999809265137,10800,SNBR
384,2001-07-12,1.0800000429153442,1.1399999856948853,1.0266669988632202,1.0266669988632202,11100,SNBR
385,2001-07-13,1.059999942779541,1.059999942779541,0.9333329796791077,1.0,11100,SNBR
386,2001-07-16,0.9333329796791077,1.0266669988632202,0.8533329963684082,1.0266669988632202,8700,SNBR
387,2001-07-17,1.0199999809265137,1.1333329677581787,0.8733329772949219,1.0800000429153442,42600,SNBR
388,2001-07-18,1.059999942779541,1.0733330249786377,1.0,1.053333044052124,104850,SNBR
389,2001-07-19,1.059999942779541,1.100000023841858,1.0333329439163208,1.0333329439163208,23850,SNBR
390,2001-07-20,1.0133329629898071,1.0466669797897339,0.9666669964790344,0.9933329820632935,44550,SNBR
391,2001-07-23,1.0066670179367065,1.0066670179367065,1.0,1.0,2250,SNBR
392,2001-07-24,0.9933329820632935,1.0333329439163208,0.8600000143051147,0.9599999785423279,95550,SNBR
393,2001-07-25,0.8999999761581421,0.9733330011367798,0.8399999737739563,0.9466670155525208,10950,SNBR
394,2001-07-26,0.9466670155525208,0.9733330011367798,0.9466670155525208,0.9733330011367798,3450,SNBR
395,2001-07-27,0.9733330011367798,0.9733330011367798,0.800000011920929,0.886667013168335,80100,SNBR
396,2001-07-30,0.8799999952316284,0.9200000166893005,0.8533329963684082,0.9200000166893005,2700,SNBR
397,2001-07-31,0.8266670107841492,0.9599999785423279,0.8066669702529907,0.9200000166893005,11250,SNBR
398,2001-08-01,0.9266669750213623,0.9399999976158142,0.8399999737739563,0.8399999737739563,9150,SNBR
399,2001-08-02,0.8733329772949219,0.9399999976158142,0.8399999737739563,0.8399999737739563,7500,SNBR
400,2001-08-03,0.8133329749107361,0.8999999761581421,0.8133329749107361,0.8933330178260803,7800,SNBR
401,2001-08-06,0.8133329749107361,0.8133329749107361,0.8133329749107361,0.8133329749107361,1050,SNBR
402,2001-08-07,0.8133329749107361,0.8333330154418945,0.800000011920929,0.8333330154418945,7500,SNBR
403,2001-08-08,0.8333330154418945,0.8333330154418945,0.8333330154418945,0.8333330154418945,0,SNBR
404,2001-08-09,0.8333330154418945,0.8333330154418945,0.8333330154418945,0.8333330154418945,0,SNBR
405,2001-08-10,0.8399999737739563,0.8399999737739563,0.8399999737739563,0.8399999737739563,3000,SNBR
406,2001-08-13,0.7666670083999634,0.8266670107841492,0.7333329916000366,0.8266670107841492,16800,SNBR
407,2001-08-14,0.7466670274734497,0.8266670107841492,0.7466670274734497,0.800000011920929,3150,SNBR
408,2001-08-15,0.7466670274734497,0.800000011920929,0.6466670036315918,0.7933329939842224,31500,SNBR
409,2001-08-16,0.7333329916000366,0.7666670083999634,0.6666669845581055,0.7666670083999634,24750,SNBR
410,2001-08-17,0.7666670083999634,0.7666670083999634,0.6733329892158508,0.7599999904632568,3450,SNBR
411,2001-08-20,0.6733329892158508,0.7200000286102295,0.6533330082893372,0.7200000286102295,14250,SNBR
412,2001-08-21,0.6666669845581055,0.7066670060157776,0.6666669845581055,0.7066670060157776,5850,SNBR
413,2001-08-22,0.6666669845581055,0.699999988079071,0.6200000047683716,0.6666669845581055,14850,SNBR
414,2001-08-23,0.6200000047683716,0.7200000286102295,0.6200000047683716,0.7200000286102295,600,SNBR
415,2001-08-24,0.7533329725265503,0.7533329725265503,0.7333329916000366,0.7333329916000366,750,SNBR
416,2001-08-27,0.699999988079071,0.699999988079071,0.6800000071525574,0.6800000071525574,3450,SNBR
417,2001-08-28,0.713333010673523,0.7333329916000366,0.713333010673523,0.713333010673523,8850,SNBR
418,2001-08-29,0.7333329916000366,0.7333329916000366,0.5733330249786377,0.7266669869422913,20400,SNBR
419,2001-08-30,0.6333330273628235,0.7266669869422913,0.5400000214576721,0.7266669869422913,3750,SNBR
420,2001-08-31,0.5400000214576721,0.8066669702529907,0.5400000214576721,0.8066669702529907,21150,SNBR
421,2001-09-04,0.8066669702529907,0.8199999928474426,0.7400000095367432,0.7933329939842224,17100,SNBR
422,2001-09-05,0.7333329916000366,0.800000011920929,0.699999988079071,0.800000011920929,34050,SNBR
423,2001-09-06,0.699999988079071,0.7666670083999634,0.699999988079071,0.7666670083999634,1650,SNBR
424,2001-09-07,0.699999988079071,0.699999988079071,0.5733330249786377,0.699999988079071,8400,SNBR
425,2001-09-10,0.586667001247406,0.7066670060157776,0.586667001247406,0.699999988079071,10950,SNBR
426,2001-09-17,0.6333330273628235,0.6333330273628235,0.5799999833106995,0.6333330273628235,8400,SNBR
427,2001-09-18,0.5799999833106995,0.6333330273628235,0.5799999833106995,0.6333330273628235,5850,SNBR
428,2001-09-19,0.6333330273628235,0.6666669845581055,0.6200000047683716,0.6200000047683716,18000,SNBR
429,2001-09-20,0.613332986831665,0.6600000262260437,0.5600000023841858,0.5933330059051514,57600,SNBR
430,2001-09-21,0.5600000023841858,0.5666670203208923,0.5600000023841858,0.5600000023841858,10050,SNBR
431,2001-09-24,0.5799999833106995,0.586667001247406,0.5799999833106995,0.5799999833106995,3600,SNBR
432,2001-09-25,0.6200000047683716,0.6266670227050781,0.5799999833106995,0.5933330059051514,13050,SNBR
433,2001-09-26,0.6399999856948853,0.6399999856948853,0.6399999856948853,0.6399999856948853,150,SNBR
434,2001-09-27,0.6399999856948853,0.6600000262260437,0.5933330059051514,0.6533330082893372,17250,SNBR
435,2001-09-28,0.5933330059051514,0.6666669845581055,0.5933330059051514,0.6666669845581055,4350,SNBR
436,2001-10-01,0.5933330059051514,0.6600000262260437,0.5933330059051514,0.6600000262260437,7200,SNBR
437,2001-10-02,0.6000000238418579,0.6266670227050781,0.5933330059051514,0.6000000238418579,19350,SNBR
438,2001-10-03,0.5933330059051514,0.6399999856948853,0.5933330059051514,0.6399999856948853,54450,SNBR
439,2001-10-04,0.5933330059051514,0.6266670227050781,0.5933330059051514,0.6266670227050781,1950,SNBR
440,2001-10-05,0.6600000262260437,0.6666669845581055,0.6266670227050781,0.6266670227050781,3150,SNBR
441,2001-10-08,0.6333330273628235,0.6866670250892639,0.613332986831665,0.6866670250892639,81600,SNBR
442,2001-10-09,0.6800000071525574,0.6866670250892639,0.6333330273628235,0.6800000071525574,45300,SNBR
443,2001-10-10,0.6333330273628235,0.6666669845581055,0.6333330273628235,0.6666669845581055,40200,SNBR
444,2001-10-11,0.6800000071525574,0.6800000071525574,0.6066669821739197,0.6666669845581055,4050,SNBR
445,2001-10-12,0.6800000071525574,0.6800000071525574,0.6333330273628235,0.6733329892158508,19200,SNBR
446,2001-10-15,0.6333330273628235,0.699999988079071,0.6333330273628235,0.699999988079071,7800,SNBR
447,2001-10-16,0.6866670250892639,0.7200000286102295,0.6399999856948853,0.713333010673523,46500,SNBR
448,2001-10-17,0.6933330297470093,0.6933330297470093,0.6000000238418579,0.6933330297470093,33900,SNBR
449,2001-10-18,0.699999988079071,0.7066670060157776,0.6533330082893372,0.6800000071525574,62700,SNBR
450,2001-10-19,0.6399999856948853,0.7200000286102295,0.6399999856948853,0.7200000286102295,1050,SNBR
451,2001-10-22,0.6866670250892639,0.7200000286102295,0.6800000071525574,0.713333010673523,9300,SNBR
452,2001-10-23,0.6733329892158508,0.7599999904632568,0.6733329892158508,0.7266669869422913,22050,SNBR
453,2001-10-24,0.7333329916000366,0.7666670083999634,0.7266669869422913,0.7266669869422913,16200,SNBR
454,2001-10-25,0.713333010673523,0.8133329749107361,0.713333010673523,0.7333329916000366,64650,SNBR
455,2001-10-26,0.7466670274734497,0.7466670274734497,0.7466670274734497,0.7466670274734497,1200,SNBR
456,2001-10-29,0.7333329916000366,0.7333329916000366,0.7200000286102295,0.7200000286102295,10950,SNBR
457,2001-10-30,0.7200000286102295,0.800000011920929,0.699999988079071,0.800000011920929,82200,SNBR
458,2001-10-31,0.7266669869422913,0.7733330130577087,0.7266669869422913,0.7733330130577087,11400,SNBR
459,2001-11-01,0.7333329916000366,0.8666669726371765,0.7333329916000366,0.8666669726371765,56550,SNBR
460,2001-11-02,0.8333330154418945,0.8333330154418945,0.7666670083999634,0.800000011920929,9900,SNBR
461,2001-11-05,0.800000011920929,0.9666669964790344,0.7200000286102295,0.9266669750213623,58500,SNBR
462,2001-11-06,0.9333329796791077,0.9866669774055481,0.9333329796791077,0.9666669964790344,63900,SNBR
463,2001-11-07,0.8799999952316284,0.9866669774055481,0.8799999952316284,0.9800000190734863,18450,SNBR
464,2001-11-08,0.913332998752594,0.9666669964790344,0.913332998752594,0.9533330202102661,10650,SNBR
465,2001-11-09,0.913332998752594,0.9533330202102661,0.9066669940948486,0.9066669940948486,15150,SNBR
466,2001-11-12,0.8999999761581421,0.9933329820632935,0.8999999761581421,0.9066669940948486,18450,SNBR
467,2001-11-13,0.9066669940948486,0.9066669940948486,0.9066669940948486,0.9066669940948486,1500,SNBR
468,2001-11-14,0.9466670155525208,1.0,0.9066669940948486,0.913332998752594,34350,SNBR
469,2001-11-15,0.8999999761581421,0.8999999761581421,0.8799999952316284,0.8999999761581421,3000,SNBR
470,2001-11-16,0.8799999952316284,0.9333329796791077,0.8533329963684082,0.9200000166893005,53400,SNBR
471,2001-11-19,0.9200000166893005,1.0266669988632202,0.8666669726371765,1.0,49800,SNBR
472,2001-11-20,1.0,1.0800000429153442,0.9866669774055481,1.0333329439163208,162300,SNBR
473,2001-11-21,1.0666669607162476,1.1200000047683716,1.053333044052124,1.0800000429153442,66000,SNBR
474,2001-11-23,1.0800000429153442,1.1333329677581787,1.0800000429153442,1.100000023841858,5550,SNBR
475,2001-11-26,1.100000023841858,1.2933330535888672,1.0199999809265137,1.273332953453064,62700,SNBR
476,2001-11-27,1.273332953453064,1.3133330345153809,1.2000000476837158,1.2666670083999634,43350,SNBR
477,2001-11-28,1.2666670083999634,1.2933330535888672,1.059999942779541,1.2933330535888672,51900,SNBR
478,2001-11-29,1.2933330535888672,1.2933330535888672,1.2933330535888672,1.2933330535888672,0,SNBR
479,2001-11-30,1.286666989326477,1.3266669511795044,1.286666989326477,1.3200000524520874,21900,SNBR
480,2001-12-03,1.3200000524520874,1.3533329963684082,1.2999999523162842,1.340000033378601,68850,SNBR
481,2001-12-04,1.3333330154418945,1.3600000143051147,1.2933330535888672,1.2933330535888672,67200,SNBR
482,2001-12-05,1.3200000524520874,1.3200000524520874,1.2666670083999634,1.3200000524520874,76050,SNBR
483,2001-12-06,1.2933330535888672,1.2999999523162842,1.286666989326477,1.286666989326477,16650,SNBR
484,2001-12-07,1.273332953453064,1.2999999523162842,1.2666670083999634,1.2799999713897705,23850,SNBR
485,2001-12-10,1.2533329725265503,1.2666670083999634,1.1933330297470093,1.2333329916000366,22500,SNBR
486,2001-12-11,1.1933330297470093,1.2599999904632568,1.100000023841858,1.2333329916000366,40500,SNBR
487,2001-12-12,1.1333329677581787,1.2666670083999634,1.1333329677581787,1.2333329916000366,22950,SNBR
488,2001-12-13,1.2466670274734497,1.2533329725265503,1.2333329916000366,1.2400000095367432,36150,SNBR
489,2001-12-14,1.2333329916000366,1.2933330535888672,1.2333329916000366,1.2933330535888672,28350,SNBR
490,2001-12-17,1.2000000476837158,1.4066669940948486,1.2000000476837158,1.386667013168335,237150,SNBR
491,2001-12-18,1.3466670513153076,1.3799999952316284,1.2533329725265503,1.3799999952316284,78750,SNBR
492,2001-12-19,1.340000033378601,1.3733329772949219,1.3133330345153809,1.3533329963684082,111300,SNBR
493,2001-12-20,1.2999999523162842,1.3333330154418945,1.2999999523162842,1.2999999523162842,56850,SNBR
494,2001-12-21,1.2999999523162842,1.3266669511795044,1.2666670083999634,1.3200000524520874,46650,SNBR
495,2001-12-24,1.273332953453064,1.3200000524520874,1.273332953453064,1.2799999713897705,23550,SNBR
496,2001-12-26,1.2666670083999634,1.286666989326477,1.2666670083999634,1.2799999713897705,8700,SNBR
497,2001-12-27,1.2799999713897705,1.3799999952316284,1.2799999713897705,1.3466670513153076,102150,SNBR
498,2001-12-28,1.3133330345153809,1.386667013168335,1.273332953453064,1.3533329963684082,106800,SNBR
499,2001-12-31,1.286666989326477,1.3533329963684082,1.286666989326477,1.3333330154418945,39150,SNBR
500,2002-01-02,1.3133330345153809,1.3666670322418213,1.3133330345153809,1.3600000143051147,9600,SNBR
501,2002-01-03,1.340000033378601,1.4333330392837524,1.340000033378601,1.4333330392837524,144600,SNBR
502,2002-01-04,1.446666955947876,1.4866670370101929,1.399999976158142,1.4866670370101929,87150,SNBR
503,2002-01-07,1.4933329820632935,1.5,1.3799999952316284,1.4333330392837524,30000,SNBR
504,2002-01-08,1.3799999952316284,1.5,1.3799999952316284,1.4600000381469727,10200,SNBR
505,2002-01-09,1.446666955947876,1.5133329629898071,1.446666955947876,1.5133329629898071,53100,SNBR
506,2002-01-10,1.5399999618530273,1.5666669607162476,1.5266669988632202,1.5466669797897339,27600,SNBR
507,2002-01-11,1.553333044052124,1.6200000047683716,1.4533330202102661,1.5,35250,SNBR
508,2002-01-14,1.6200000047683716,1.7533329725265503,1.5933330059051514,1.6666669845581055,71550,SNBR
509,2002-01-15,1.553333044052124,1.7000000476837158,1.553333044052124,1.659999966621399,19950,SNBR
510,2002-01-16,1.5933330059051514,1.6399999856948853,1.5133329629898071,1.6333329677581787,29250,SNBR
511,2002-01-17,1.6333329677581787,1.6666669845581055,1.5266669988632202,1.6333329677581787,11250,SNBR
512,2002-01-18,1.6666669845581055,1.6666669845581055,1.5,1.613332986831665,97350,SNBR
513,2002-01-22,1.6466670036315918,1.6466670036315918,1.4133330583572388,1.5333329439163208,44700,SNBR
514,2002-01-23,1.5666669607162476,1.6933330297470093,1.5333329439163208,1.6933330297470093,177450,SNBR
515,2002-01-24,1.7000000476837158,1.9933329820632935,1.6799999475479126,1.9533330202102661,263850,SNBR
516,2002-01-25,2.0,2.0466670989990234,1.8266669511795044,1.940000057220459,64950,SNBR
517,2002-01-28,1.9933329820632935,1.9933329820632935,1.6866669654846191,1.9066669940948486,136050,SNBR
518,2002-01-29,1.8333330154418945,1.8666670322418213,1.6733330488204956,1.786666989326477,75900,SNBR
519,2002-01-30,1.7999999523162842,1.946666955947876,1.6933330297470093,1.946666955947876,128850,SNBR
520,2002-01-31,1.9666670560836792,2.25333309173584,1.9666670560836792,2.233333110809326,511950,SNBR
521,2002-02-01,2.259999990463257,2.4533329010009766,2.206666946411133,2.3666670322418213,303300,SNBR
522,2002-02-04,2.559999942779541,2.566667079925537,2.0133330821990967,2.2866671085357666,289050,SNBR
523,2002-02-05,2.2866671085357666,2.299999952316284,1.886667013168335,2.233333110809326,163050,SNBR
524,2002-02-06,2.186666965484619,2.200000047683716,2.0399999618530273,2.1533329486846924,44250,SNBR
525,2002-02-07,2.1600000858306885,2.1600000858306885,1.8333330154418945,2.1333329677581787,110400,SNBR
526,2002-02-08,2.113332986831665,2.25333309173584,2.0333330631256104,2.2266669273376465,49200,SNBR
527,2002-02-11,2.2200000286102295,2.2200000286102295,1.9533330202102661,2.1533329486846924,25500,SNBR
528,2002-02-12,2.0999999046325684,2.299999952316284,1.8333330154418945,2.1666669845581055,39000,SNBR
529,2002-02-13,2.1666669845581055,2.1666669845581055,2.006666898727417,2.059999942779541,10350,SNBR
530,2002-02-14,2.053333044052124,2.0933330059051514,2.053333044052124,2.0733330249786377,12600,SNBR
531,2002-02-15,2.066667079925537,2.0933330059051514,1.9733330011367798,2.0,85950,SNBR
532,2002-02-19,1.9933329820632935,2.0,1.940000057220459,1.940000057220459,32100,SNBR
533,2002-02-20,1.9199999570846558,2.0,1.8200000524520874,1.9800000190734863,67350,SNBR
534,2002-02-21,2.0133330821990967,2.0133330821990967,1.8799999952316284,1.9666670560836792,25950,SNBR
535,2002-02-22,1.8933329582214355,2.0466670989990234,1.8200000524520874,2.0,45300,SNBR
536,2002-02-25,2.0266671180725098,2.200000047683716,1.9733330011367798,2.1666669845581055,47400,SNBR
537,2002-02-26,2.1666669845581055,2.173332929611206,2.0333330631256104,2.173332929611206,31650,SNBR
538,2002-02-27,2.0799999237060547,2.1666669845581055,2.0333330631256104,2.0999999046325684,26850,SNBR
539,2002-02-28,2.146667003631592,2.1600000858306885,2.0733330249786377,2.119999885559082,21000,SNBR
540,2002-03-01,2.113332986831665,2.113332986831665,2.086667060852051,2.1066670417785645,16050,SNBR
541,2002-03-04,2.1066670417785645,2.2866671085357666,2.086667060852051,2.2866671085357666,27450,SNBR
542,2002-03-05,2.293333053588867,2.326667070388794,2.233333110809326,2.299999952316284,9300,SNBR
543,2002-03-06,2.200000047683716,2.326667070388794,2.1333329677581787,2.240000009536743,41250,SNBR
544,2002-03-07,2.200000047683716,2.233333110809326,2.119999885559082,2.200000047683716,10350,SNBR
545,2002-03-08,2.1933329105377197,2.266666889190674,2.140000104904175,2.2133328914642334,15600,SNBR
546,2002-03-11,2.293333053588867,2.293333053588867,2.186666965484619,2.2799999713897705,40350,SNBR
547,2002-03-12,2.233333110809326,2.3933329582214355,2.233333110809326,2.386667013168335,172650,SNBR
548,2002-03-13,2.3666670322418213,2.493333101272583,2.200000047683716,2.493333101272583,429000,SNBR
549,2002-03-14,2.5199999809265137,2.6600000858306885,2.4666669368743896,2.6600000858306885,297750,SNBR
550,2002-03-15,2.673332929611206,2.7266669273376465,2.4666669368743896,2.566667079925537,103050,SNBR
551,2002-03-18,2.6666669845581055,2.9600000381469727,2.6600000858306885,2.8666670322418213,346050,SNBR
552,2002-03-19,2.853332996368408,2.993333101272583,2.8399999141693115,2.9066669940948486,208800,SNBR
553,2002-03-20,2.8466670513153076,2.8666670322418213,2.566667079925537,2.733333110809326,160050,SNBR
554,2002-03-21,2.7200000286102295,2.733333110809326,2.6333329677581787,2.7266669273376465,42300,SNBR
555,2002-03-22,2.733333110809326,2.759999990463257,2.566667079925537,2.700000047683716,60000,SNBR
556,2002-03-25,2.993333101272583,3.0266671180725098,2.793333053588867,2.9600000381469727,151650,SNBR
557,2002-03-26,2.9666669368743896,3.0466670989990234,2.799999952316284,2.8666670322418213,100800,SNBR
558,2002-03-27,3.0199999809265137,3.0266671180725098,2.733333110809326,2.7799999713897705,78450,SNBR
559,2002-03-28,2.733333110809326,2.793333053588867,2.733333110809326,2.7799999713897705,46200,SNBR
560,2002-04-01,2.9866669178009033,2.993333101272583,2.5133330821990967,2.799999952316284,142650,SNBR
561,2002-04-02,2.766666889190674,2.766666889190674,2.586667060852051,2.6666669845581055,41700,SNBR
562,2002-04-03,2.6066670417785645,2.686666965484619,2.5933330059051514,2.673332929611206,42150,SNBR
563,2002-04-04,3.0,3.3333330154418945,3.0,3.299999952316284,602100,SNBR
564,2002-04-05,3.3333330154418945,3.386667013168335,3.0933330059051514,3.319999933242798,278550,SNBR
565,2002-04-08,3.2133328914642334,3.2266669273376465,2.8333330154418945,3.0199999809265137,553350,SNBR
566,2002-04-09,3.059999942779541,3.0999999046325684,2.873332977294922,2.886667013168335,103650,SNBR
567,2002-04-10,2.8933329582214355,3.0733330249786377,2.8933329582214355,2.9266669750213623,190200,SNBR
568,2002-04-11,2.946666955947876,3.0333330631256104,2.8333330154418945,2.933332920074463,120900,SNBR
569,2002-04-12,2.9000000953674316,2.933332920074463,2.700000047683716,2.766666889190674,170850,SNBR
570,2002-04-15,2.766666889190674,2.9800000190734863,2.766666889190674,2.9666669368743896,155100,SNBR
571,2002-04-16,3.2200000286102295,3.359999895095825,3.0333330631256104,3.240000009536743,558450,SNBR
572,2002-04-17,3.299999952316284,3.326667070388794,3.1066670417785645,3.233333110809326,214200,SNBR
573,2002-04-18,3.2200000286102295,3.25333309173584,3.0999999046325684,3.186666965484619,125700,SNBR
574,2002-04-19,3.180000066757202,3.4533329010009766,3.180000066757202,3.4266669750213623,373200,SNBR
575,2002-04-22,3.4800000190734863,3.586667060852051,3.3333330154418945,3.433332920074463,361650,SNBR
576,2002-04-23,3.446666955947876,3.5266671180725098,3.1666669845581055,3.3666670322418213,305400,SNBR
577,2002-04-24,3.380000114440918,3.446666955947876,3.2200000286102295,3.3333330154418945,136500,SNBR
578,2002-04-25,3.319999933242798,3.5333330631256104,3.1933329105377197,3.4800000190734863,233550,SNBR
579,2002-04-26,3.6333329677581787,3.6333329677581787,3.4066669940948486,3.559999942779541,276300,SNBR
580,2002-04-29,3.626667022705078,3.646667003631592,3.319999933242798,3.586667060852051,208200,SNBR
581,2002-04-30,3.5266671180725098,3.733333110809326,3.5199999809265137,3.7266669273376465,202650,SNBR
582,2002-05-01,3.766666889190674,3.793333053588867,3.506666898727417,3.6666669845581055,264450,SNBR
583,2002-05-02,3.7266669273376465,3.733333110809326,3.5333330631256104,3.566667079925537,170400,SNBR
584,2002-05-03,3.5999999046325684,3.6600000858306885,3.4266669750213623,3.5999999046325684,268200,SNBR
585,2002-05-06,3.626667022705078,3.6600000858306885,3.506666898727417,3.5133330821990967,178800,SNBR
586,2002-05-07,3.5133330821990967,3.5333330631256104,3.0333330631256104,3.266666889190674,363600,SNBR
587,2002-05-08,3.3466670513153076,3.353332996368408,3.200000047683716,3.319999933242798,88650,SNBR
588,2002-05-09,3.319999933242798,3.493333101272583,3.319999933242798,3.386667013168335,154500,SNBR
589,2002-05-10,3.6533329486846924,3.886667013168335,3.493333101272583,3.859999895095825,593850,SNBR
590,2002-05-13,3.913332939147949,3.9200000762939453,3.5466670989990234,3.799999952316284,275250,SNBR
591,2002-05-14,3.799999952316284,4.059999942779541,3.5999999046325684,4.033332824707031,361350,SNBR
592,2002-05-15,4.099999904632568,4.25333309173584,4.066667079925537,4.24666690826416,421200,SNBR
593,2002-05-16,4.400000095367432,4.400000095367432,4.0,4.179999828338623,451350,SNBR
594,2002-05-17,4.2266669273376465,4.3933329582214355,4.173333168029785,4.293333053588867,253800,SNBR
595,2002-05-20,4.366666793823242,4.659999847412109,4.353332996368408,4.486667156219482,342450,SNBR
596,2002-05-21,4.593332767486572,4.593332767486572,4.019999980926514,4.099999904632568,509550,SNBR
597,2002-05-22,4.079999923706055,4.239999771118164,4.0,4.21999979019165,402150,SNBR
598,2002-05-23,4.25333309173584,4.360000133514404,4.066667079925537,4.233333110809326,199500,SNBR
599,2002-05-24,4.25333309173584,4.260000228881836,4.099999904632568,4.133333206176758,149400,SNBR
600,2002-05-28,4.2266669273376465,4.233333110809326,4.113333225250244,4.2266669273376465,112200,SNBR
601,2002-05-29,4.1066670417785645,4.233333110809326,4.0,4.146667003631592,222000,SNBR
602,2002-05-30,4.113333225250244,4.113333225250244,3.8333330154418945,3.9666669368743896,222450,SNBR
603,2002-05-31,4.066667079925537,4.260000228881836,4.019999980926514,4.260000228881836,204150,SNBR
604,2002-06-03,4.2733330726623535,4.326666831970215,3.9000000953674316,4.119999885559082,164100,SNBR
605,2002-06-04,4.133333206176758,4.199999809265137,3.640000104904175,3.9666669368743896,163500,SNBR
606,2002-06-05,3.913332939147949,3.9666669368743896,3.700000047683716,3.9666669368743896,109050,SNBR
607,2002-06-06,3.9666669368743896,3.9666669368743896,3.766666889190674,3.933332920074463,162450,SNBR
608,2002-06-07,3.7799999713897705,3.8666670322418213,3.4066669940948486,3.8466670513153076,237450,SNBR
609,2002-06-10,3.74666690826416,3.759999990463257,3.4600000381469727,3.6600000858306885,206250,SNBR
610,2002-06-11,3.4800000190734863,3.613332986831665,3.140000104904175,3.240000009536743,595500,SNBR
611,2002-06-12,3.0799999237060547,3.200000047683716,2.6666669845581055,3.1666669845581055,508650,SNBR
612,2002-06-13,2.913332939147949,3.1333329677581787,2.8333330154418945,3.0399999618530273,282900,SNBR
613,2002-06-14,2.793333053588867,3.1600000858306885,2.7866671085357666,2.9733328819274902,173700,SNBR
614,2002-06-17,2.9666669368743896,3.259999990463257,2.9666669368743896,3.233333110809326,123150,SNBR
615,2002-06-18,3.180000066757202,3.386667013168335,3.119999885559082,3.24666690826416,81300,SNBR
616,2002-06-19,3.266666889190674,3.266666889190674,3.086667060852051,3.1333329677581787,104250,SNBR
617,2002-06-20,3.059999942779541,3.140000104904175,2.9000000953674316,3.006666898727417,97950,SNBR
618,2002-06-21,2.8933329582214355,2.8933329582214355,2.673332929611206,2.8333330154418945,167400,SNBR
619,2002-06-24,2.7133328914642334,2.859999895095825,2.559999942779541,2.799999952316284,470100,SNBR
620,2002-06-25,2.7200000286102295,3.0799999237060547,2.7200000286102295,2.933332920074463,62100,SNBR
621,2002-06-26,2.8466670513153076,3.0333330631256104,2.566667079925537,3.0333330631256104,73650,SNBR
622,2002-06-27,2.9266669750213623,3.4266669750213623,2.6666669845581055,3.3933329582214355,143400,SNBR
623,2002-06-28,3.353332996368408,3.359999895095825,3.1333329677581787,3.3399999141693115,354150,SNBR
624,2002-07-01,3.3466670513153076,3.353332996368408,3.146667003631592,3.233333110809326,73800,SNBR
625,2002-07-02,3.233333110809326,3.2866671085357666,3.126667022705078,3.1333329677581787,49350,SNBR
626,2002-07-03,3.180000066757202,3.180000066757202,2.8466670513153076,3.1066670417785645,110400,SNBR
627,2002-07-05,3.119999885559082,3.1666669845581055,2.7266669273376465,3.1066670417785645,48450,SNBR
628,2002-07-08,2.9666669368743896,3.1666669845581055,2.9666669368743896,3.146667003631592,77100,SNBR
629,2002-07-09,3.3666670322418213,3.8399999141693115,3.359999895095825,3.766666889190674,815850,SNBR
630,2002-07-10,4.019999980926514,4.019999980926514,3.6333329677581787,3.680000066757202,608250,SNBR
631,2002-07-11,3.5999999046325684,3.740000009536743,3.5933330059051514,3.619999885559082,374700,SNBR
632,2002-07-12,3.6333329677581787,3.793333053588867,3.5999999046325684,3.6333329677581787,177900,SNBR
633,2002-07-15,3.6666669845581055,3.733333110809326,3.299999952316284,3.733333110809326,402150,SNBR
634,2002-07-16,3.680000066757202,3.686666965484619,3.5,3.5999999046325684,210750,SNBR
635,2002-07-17,3.5933330059051514,3.6666669845581055,3.4733328819274902,3.5999999046325684,193200,SNBR
636,2002-07-18,3.5733330249786377,3.5999999046325684,3.2733330726623535,3.3333330154418945,118500,SNBR
637,2002-07-19,3.2733330726623535,3.4000000953674316,3.1333329677581787,3.3333330154418945,145800,SNBR
638,2002-07-22,3.299999952316284,3.326667070388794,3.0,3.1666669845581055,114300,SNBR
639,2002-07-23,3.0399999618530273,3.1933329105377197,2.5466670989990234,2.9000000953674316,194550,SNBR
640,2002-07-24,2.74666690826416,2.9866669178009033,2.5399999618530273,2.9866669178009033,193800,SNBR
641,2002-07-25,3.0,3.0,2.6666669845581055,2.880000114440918,142500,SNBR
642,2002-07-26,2.8666670322418213,2.8666670322418213,2.673332929611206,2.799999952316284,133050,SNBR
643,2002-07-29,2.799999952316284,2.9000000953674316,2.759999990463257,2.853332996368408,104550,SNBR
644,2002-07-30,2.933332920074463,2.933332920074463,2.7799999713897705,2.9266669750213623,33000,SNBR
645,2002-07-31,2.9266669750213623,3.0333330631256104,2.7733330726623535,2.9666669368743896,94950,SNBR
646,2002-08-01,2.993333101272583,3.0,2.8333330154418945,2.859999895095825,64800,SNBR
647,2002-08-02,2.8399999141693115,2.853332996368408,2.566667079925537,2.6600000858306885,98400,SNBR
648,2002-08-05,2.6533329486846924,2.686666965484619,2.646667003631592,2.6533329486846924,59100,SNBR
649,2002-08-06,2.6600000858306885,2.8333330154418945,2.5999999046325684,2.733333110809326,101400,SNBR
650,2002-08-07,2.799999952316284,2.933332920074463,2.6333329677581787,2.766666889190674,39000,SNBR
651,2002-08-08,2.706666946411133,2.9600000381469727,2.700000047683716,2.9600000381469727,57600,SNBR
652,2002-08-09,2.9600000381469727,2.9600000381469727,2.733333110809326,2.9000000953674316,53400,SNBR
653,2002-08-12,2.9000000953674316,3.0,2.8333330154418945,2.993333101272583,88500,SNBR
654,2002-08-13,2.9600000381469727,2.9733328819274902,2.8666670322418213,2.913332939147949,41550,SNBR
655,2002-08-14,2.886667013168335,2.9266669750213623,2.886667013168335,2.9266669750213623,46350,SNBR
656,2002-08-15,2.9066669940948486,3.066667079925537,2.873332977294922,2.9066669940948486,52800,SNBR
657,2002-08-16,2.873332977294922,2.9600000381469727,2.799999952316284,2.8666670322418213,35850,SNBR
658,2002-08-19,2.8666670322418213,2.873332977294922,2.766666889190674,2.8333330154418945,102600,SNBR
659,2002-08-20,2.859999895095825,2.8666670322418213,2.799999952316284,2.799999952316284,23100,SNBR
660,2002-08-21,2.759999990463257,2.813333034515381,2.5466670989990234,2.813333034515381,150000,SNBR
661,2002-08-22,2.793333053588867,2.8333330154418945,2.700000047683716,2.7733330726623535,82200,SNBR
662,2002-08-23,2.740000009536743,2.8333330154418945,2.6666669845581055,2.680000066757202,107550,SNBR
663,2002-08-26,2.826667070388794,2.8666670322418213,2.6933329105377197,2.8066670894622803,108150,SNBR
664,2002-08-27,2.799999952316284,2.9000000953674316,2.740000009536743,2.793333053588867,51300,SNBR
665,2002-08-28,2.793333053588867,2.8666670322418213,2.766666889190674,2.766666889190674,9900,SNBR
666,2002-08-29,2.75333309173584,2.7799999713897705,2.619999885559082,2.6666669845581055,185400,SNBR
667,2002-08-30,2.733333110809326,2.733333110809326,2.6600000858306885,2.7200000286102295,25200,SNBR
668,2002-09-03,2.6666669845581055,2.759999990463257,2.6333329677581787,2.640000104904175,32700,SNBR
669,2002-09-04,2.640000104904175,2.7266669273376465,2.5733330249786377,2.686666965484619,32850,SNBR
670,2002-09-05,2.680000066757202,2.7866671085357666,2.6333329677581787,2.6666669845581055,54600,SNBR
671,2002-09-06,2.6666669845581055,2.799999952316284,2.6666669845581055,2.766666889190674,162150,SNBR
672,2002-09-09,2.766666889190674,2.813333034515381,2.706666946411133,2.799999952316284,128400,SNBR
673,2002-09-10,2.7866671085357666,3.1666669845581055,2.7866671085357666,3.066667079925537,309000,SNBR
674,2002-09-11,3.1333329677581787,3.1666669845581055,2.946666955947876,3.1666669845581055,113700,SNBR
675,2002-09-12,3.266666889190674,3.2733330726623535,3.113332986831665,3.1600000858306885,314700,SNBR
676,2002-09-13,3.1666669845581055,3.200000047683716,3.1066670417785645,3.1600000858306885,72150,SNBR
677,2002-09-16,3.493333101272583,3.8933329582214355,3.433332920074463,3.8666670322418213,2031450,SNBR
678,2002-09-17,3.9533329010009766,3.9733328819274902,3.8466670513153076,3.940000057220459,1204050,SNBR
679,2002-09-18,3.9266669750213623,3.933332920074463,3.613332986831665,3.6666669845581055,613350,SNBR
680,2002-09-19,3.6533329486846924,3.6600000858306885,3.5,3.5733330249786377,350700,SNBR
681,2002-09-20,3.566667079925537,3.733333110809326,3.5333330631256104,3.700000047683716,473250,SNBR
682,2002-09-23,3.700000047683716,3.946666955947876,3.700000047683716,3.9000000953674316,724050,SNBR
683,2002-09-24,3.880000114440918,4.053332805633545,3.853332996368408,4.02666711807251,840750,SNBR
684,2002-09-25,4.073332786560059,4.079999923706055,3.9733328819274902,4.006667137145996,576900,SNBR
685,2002-09-26,4.013332843780518,4.099999904632568,4.0,4.099999904632568,406650,SNBR
686,2002-09-27,4.139999866485596,4.146667003631592,3.9200000762939453,4.126667022705078,727350,SNBR
687,2002-09-30,4.133333206176758,4.186666965484619,3.5266671180725098,4.099999904632568,518850,SNBR
688,2002-10-01,4.133333206176758,4.133333206176758,3.880000114440918,4.013332843780518,297600,SNBR
689,2002-10-02,3.933332920074463,4.066667079925537,3.9000000953674316,4.066667079925537,332250,SNBR
690,2002-10-03,4.1666669845581055,4.593332767486572,4.1666669845581055,4.559999942779541,1991400,SNBR
691,2002-10-04,4.599999904632568,4.966667175292969,4.593332767486572,4.966667175292969,1218300,SNBR
692,2002-10-07,5.0,5.006667137145996,4.639999866485596,4.800000190734863,678300,SNBR
693,2002-10-08,4.8466668128967285,4.880000114440918,4.3333330154418945,4.733333110809326,852900,SNBR
694,2002-10-09,4.760000228881836,4.760000228881836,4.599999904632568,4.626667022705078,276900,SNBR
695,2002-10-10,4.679999828338623,4.766666889190674,4.47333288192749,4.619999885559082,177150,SNBR
696,2002-10-11,4.633333206176758,5.3333330154418945,4.566667079925537,5.25333309173584,2630100,SNBR
697,2002-10-14,5.326666831970215,5.400000095367432,5.119999885559082,5.266666889190674,513450,SNBR
698,2002-10-15,5.400000095367432,5.673333168029785,5.373332977294922,5.566667079925537,1340550,SNBR
699,2002-10-16,5.519999980926514,5.519999980926514,4.820000171661377,5.313333034515381,895050,SNBR
700,2002-10-17,5.300000190734863,5.440000057220459,5.0,5.266666889190674,854850,SNBR
701,2002-10-18,5.260000228881836,5.266666889190674,5.033332824707031,5.113333225250244,506550,SNBR
702,2002-10-21,5.21999979019165,5.433332920074463,5.139999866485596,5.413332939147949,814800,SNBR
703,2002-10-22,5.433332920074463,5.440000057220459,4.920000076293945,5.033332824707031,996750,SNBR
704,2002-10-23,5.119999885559082,5.1666669845581055,4.900000095367432,5.033332824707031,570750,SNBR
705,2002-10-24,5.059999942779541,5.113333225250244,4.860000133514404,4.980000019073486,557250,SNBR
706,2002-10-25,5.02666711807251,5.293333053588867,4.733333110809326,5.28000020980835,1332600,SNBR
707,2002-10-28,5.380000114440918,5.800000190734863,5.3333330154418945,5.586667060852051,1840350,SNBR
708,2002-10-29,5.599999904632568,5.840000152587891,5.433332920074463,5.733333110809326,909450,SNBR
709,2002-10-30,5.793333053588867,5.793333053588867,5.5,5.6666669845581055,874350,SNBR
710,2002-10-31,5.679999828338623,5.813333034515381,5.513332843780518,5.766666889190674,690300,SNBR
711,2002-11-01,5.800000190734863,5.8933329582214355,5.553332805633545,5.8333330154418945,1012200,SNBR
712,2002-11-04,5.8933329582214355,6.046667098999023,5.866666793823242,5.966667175292969,1273200,SNBR
713,2002-11-05,5.913332939147949,6.006667137145996,5.633333206176758,5.866666793823242,462600,SNBR
714,2002-11-06,5.900000095367432,5.900000095367432,5.480000019073486,5.699999809265137,436800,SNBR
715,2002-11-07,5.706666946411133,5.706666946411133,5.360000133514404,5.373332977294922,258450,SNBR
716,2002-11-08,5.360000133514404,5.586667060852051,5.079999923706055,5.266666889190674,434850,SNBR
717,2002-11-11,5.28000020980835,5.28000020980835,5.006667137145996,5.033332824707031,276000,SNBR
718,2002-11-12,4.97333288192749,5.3333330154418945,4.866666793823242,5.2733330726623535,499650,SNBR
719,2002-11-13,5.199999809265137,5.300000190734863,5.119999885559082,5.199999809265137,240150,SNBR
720,2002-11-14,5.2866668701171875,5.386666774749756,5.133333206176758,5.2133331298828125,623400,SNBR
721,2002-11-15,5.326666831970215,5.420000076293945,5.133333206176758,5.366666793823242,507900,SNBR
722,2002-11-18,5.453332901000977,5.566667079925537,5.366666793823242,5.493332862854004,958500,SNBR
723,2002-11-19,5.553332805633545,5.593332767486572,5.366666793823242,5.400000095367432,401550,SNBR
724,2002-11-20,5.446667194366455,5.633333206176758,5.406667232513428,5.586667060852051,691050,SNBR
725,2002-11-21,5.593332767486572,5.686666965484619,5.266666889190674,5.366666793823242,520650,SNBR
726,2002-11-22,5.380000114440918,5.52666711807251,5.0,5.3333330154418945,450600,SNBR
727,2002-11-25,5.433332920074463,5.559999942779541,5.266666889190674,5.539999961853027,477150,SNBR
728,2002-11-26,5.433332920074463,6.199999809265137,5.400000095367432,6.133333206176758,1957650,SNBR
729,2002-11-27,6.1666669845581055,6.566667079925537,5.8466668128967285,6.566667079925537,1392750,SNBR
730,2002-11-29,6.6533331871032715,6.74666690826416,6.2133331298828125,6.599999904632568,625950,SNBR
731,2002-12-02,6.7866668701171875,6.800000190734863,6.066667079925537,6.406667232513428,952950,SNBR
732,2002-12-03,6.199999809265137,6.433332920074463,6.079999923706055,6.099999904632568,519150,SNBR
733,2002-12-04,6.233333110809326,6.559999942779541,5.800000190734863,6.506667137145996,1020000,SNBR
734,2002-12-05,6.699999809265137,6.699999809265137,6.340000152587891,6.5,313200,SNBR
735,2002-12-06,6.3333330154418945,6.6066670417785645,6.1666669845581055,6.553332805633545,712200,SNBR
736,2002-12-09,6.519999980926514,6.539999961853027,6.300000190734863,6.326666831970215,229500,SNBR
737,2002-12-10,6.400000095367432,6.480000019073486,6.199999809265137,6.233333110809326,588750,SNBR
738,2002-12-11,6.2866668701171875,6.5,6.1666669845581055,6.373332977294922,409650,SNBR
739,2002-12-12,6.453332901000977,6.626667022705078,6.433332920074463,6.506667137145996,499200,SNBR
740,2002-12-13,6.599999904632568,6.6066670417785645,6.3466668128967285,6.519999980926514,401550,SNBR
741,2002-12-16,6.433332920074463,6.6666669845581055,6.340000152587891,6.52666711807251,398100,SNBR
742,2002-12-17,6.6066670417785645,6.6666669845581055,6.3933329582214355,6.400000095367432,224700,SNBR
743,2002-12-18,6.426667213439941,6.440000057220459,5.8333330154418945,5.906667232513428,935850,SNBR
744,2002-12-19,5.866666793823242,6.02666711807251,5.800000190734863,5.853332996368408,731100,SNBR
745,2002-12-20,5.8933329582214355,6.033332824707031,5.813333034515381,5.933332920074463,287550,SNBR
746,2002-12-23,5.940000057220459,6.02666711807251,5.3333330154418945,5.659999847412109,636600,SNBR
747,2002-12-24,5.679999828338623,5.71999979019165,5.453332901000977,5.566667079925537,137550,SNBR
748,2002-12-26,5.646667003631592,5.933332920074463,5.599999904632568,5.800000190734863,509700,SNBR
749,2002-12-27,5.8333330154418945,6.113333225250244,5.74666690826416,6.033332824707031,612150,SNBR
750,2002-12-30,5.993332862854004,6.099999904632568,5.873332977294922,5.933332920074463,307800,SNBR
751,2002-12-31,5.966667175292969,6.426667213439941,5.940000057220459,6.266666889190674,426900,SNBR
752,2003-01-02,6.326666831970215,6.633333206176758,6.079999923706055,6.599999904632568,405600,SNBR
753,2003-01-03,6.6533331871032715,6.926667213439941,6.513332843780518,6.800000190734863,993450,SNBR
754,2003-01-06,6.926667213439941,7.233333110809326,6.679999828338623,7.199999809265137,1569450,SNBR
755,2003-01-07,7.400000095367432,7.633333206176758,7.133333206176758,7.179999828338623,1802250,SNBR
756,2003-01-08,7.300000190734863,7.3333330154418945,6.933332920074463,7.199999809265137,723450,SNBR
757,2003-01-09,7.300000190734863,7.766666889190674,7.239999771118164,7.599999904632568,836550,SNBR
758,2003-01-10,7.639999866485596,7.766666889190674,7.440000057220459,7.546667098999023,786600,SNBR
759,2003-01-13,7.706666946411133,7.760000228881836,7.586667060852051,7.639999866485596,567600,SNBR
760,2003-01-14,7.6533331871032715,7.6666669845581055,6.873332977294922,7.019999980926514,1757700,SNBR
761,2003-01-15,7.033332824707031,7.353332996368408,6.8333330154418945,7.326666831970215,656250,SNBR
762,2003-01-16,7.366666793823242,7.426667213439941,7.099999904632568,7.239999771118164,778650,SNBR
763,2003-01-17,7.199999809265137,7.466667175292969,6.960000038146973,7.400000095367432,757050,SNBR
764,2003-01-21,7.433332920074463,7.460000038146973,7.079999923706055,7.173333168029785,733050,SNBR
765,2003-01-22,7.126667022705078,7.699999809265137,7.0,7.659999847412109,1564800,SNBR
766,2003-01-23,7.75333309173584,7.793333053588867,7.400000095367432,7.406667232513428,1140150,SNBR
767,2003-01-24,7.5,7.52666711807251,7.199999809265137,7.446667194366455,649050,SNBR
768,2003-01-27,7.453332901000977,7.5,7.206666946411133,7.340000152587891,614850,SNBR
769,2003-01-28,7.426667213439941,7.593332767486572,7.320000171661377,7.5,758850,SNBR
770,2003-01-29,7.5,7.8933329582214355,7.433332920074463,7.800000190734863,1062900,SNBR
771,2003-01-30,7.840000152587891,7.933332920074463,7.633333206176758,7.733333110809326,821850,SNBR
772,2003-01-31,7.6666669845581055,7.966667175292969,7.646667003631592,7.933332920074463,683250,SNBR
773,2003-02-03,7.97333288192749,8.08666706085205,7.626667022705078,7.826666831970215,1036950,SNBR
774,2003-02-04,7.6533331871032715,7.766666889190674,6.066667079925537,7.593332767486572,5115450,SNBR
775,2003-02-05,7.360000133514404,7.539999961853027,7.046667098999023,7.3466668128967285,1187550,SNBR
776,2003-02-06,7.3466668128967285,7.486667156219482,7.239999771118164,7.3333330154418945,396750,SNBR
777,2003-02-07,7.3333330154418945,7.386666774749756,6.7866668701171875,6.7866668701171875,566250,SNBR
778,2003-02-10,6.8333330154418945,6.8466668128967285,6.0,6.033332824707031,1373400,SNBR
779,2003-02-11,6.0,6.673333168029785,6.0,6.6533331871032715,1281750,SNBR
780,2003-02-12,6.566667079925537,6.646667003631592,6.420000076293945,6.446667194366455,342750,SNBR
781,2003-02-13,6.3333330154418945,6.546667098999023,6.199999809265137,6.340000152587891,419100,SNBR
782,2003-02-14,6.2866668701171875,6.460000038146973,6.24666690826416,6.340000152587891,276000,SNBR
783,2003-02-18,6.3466668128967285,6.646667003631592,6.139999866485596,6.2733330726623535,708450,SNBR
784,2003-02-19,6.306666851043701,6.326666831970215,6.073332786560059,6.1533331871032715,286200,SNBR
785,2003-02-20,6.173333168029785,6.266666889190674,6.0,6.1066670417785645,554550,SNBR
786,2003-02-21,6.046667098999023,6.1066670417785645,5.8466668128967285,6.053332805633545,562350,SNBR
787,2003-02-24,5.993332862854004,6.133333206176758,5.933332920074463,5.966667175292969,239850,SNBR
788,2003-02-25,5.97333288192749,5.986667156219482,5.8333330154418945,5.873332977294922,393300,SNBR
789,2003-02-26,5.866666793823242,6.053332805633545,5.699999809265137,5.853332996368408,667950,SNBR
790,2003-02-27,5.946667194366455,6.686666965484619,5.940000057220459,6.573332786560059,1385850,SNBR
791,2003-02-28,6.693333148956299,7.159999847412109,6.633333206176758,6.966667175292969,1017000,SNBR
792,2003-03-03,7.033332824707031,7.199999809265137,6.7266669273376465,6.74666690826416,623100,SNBR
793,2003-03-04,6.733333110809326,6.993332862854004,6.7266669273376465,6.8933329582214355,475350,SNBR
794,2003-03-05,7.0,7.0,6.353332996368408,6.420000076293945,683400,SNBR
795,2003-03-06,6.426667213439941,6.486667156219482,6.293333053588867,6.433332920074463,315750,SNBR
796,2003-03-07,6.28000020980835,6.699999809265137,6.2733330726623535,6.599999904632568,446850,SNBR
797,2003-03-10,6.586667060852051,6.646667003631592,6.133333206176758,6.199999809265137,675000,SNBR
798,2003-03-11,6.133333206176758,6.3333330154418945,6.099999904632568,6.173333168029785,588150,SNBR
799,2003-03-12,6.146667003631592,6.21999979019165,5.706666946411133,5.913332939147949,911850,SNBR
800,2003-03-13,6.013332843780518,6.3933329582214355,5.980000019073486,6.3466668128967285,319500,SNBR
801,2003-03-14,6.386666774749756,6.586667060852051,6.360000133514404,6.506667137145996,426000,SNBR
802,2003-03-17,6.420000076293945,6.699999809265137,6.193333148956299,6.6533331871032715,365250,SNBR
803,2003-03-18,6.826666831970215,6.866666793823242,6.400000095367432,6.52666711807251,283200,SNBR
804,2003-03-19,6.553332805633545,6.8333330154418945,6.413332939147949,6.673333168029785,225600,SNBR
805,2003-03-20,6.659999847412109,6.659999847412109,6.453332901000977,6.519999980926514,178650,SNBR
806,2003-03-21,6.633333206176758,6.8333330154418945,6.579999923706055,6.679999828338623,119550,SNBR
807,2003-03-24,6.599999904632568,6.913332939147949,6.47333288192749,6.6666669845581055,320850,SNBR
808,2003-03-25,6.693333148956299,7.0,6.6666669845581055,7.0,213150,SNBR
809,2003-03-26,6.946667194366455,7.099999904632568,6.880000114440918,7.073332786560059,246750,SNBR
810,2003-03-27,7.053332805633545,7.420000076293945,6.946667194366455,7.126667022705078,566850,SNBR
811,2003-03-28,7.133333206176758,7.133333206176758,6.7733330726623535,6.900000095367432,456150,SNBR
812,2003-03-31,6.733333110809326,6.960000038146973,6.593332767486572,6.7266669273376465,458550,SNBR
813,2003-04-01,6.8333330154418945,6.8333330154418945,6.573332786560059,6.6666669845581055,372000,SNBR
814,2003-04-02,6.760000228881836,7.099999904632568,6.699999809265137,7.0,441600,SNBR
815,2003-04-03,7.133333206176758,7.566667079925537,7.039999961853027,7.28000020980835,636450,SNBR
816,2003-04-04,7.400000095367432,7.47333288192749,7.300000190734863,7.360000133514404,490950,SNBR
817,2003-04-07,7.513332843780518,7.566667079925537,7.306666851043701,7.460000038146973,603750,SNBR
818,2003-04-08,7.433332920074463,7.460000038146973,7.2866668701171875,7.366666793823242,529800,SNBR
819,2003-04-09,7.340000152587891,7.400000095367432,7.239999771118164,7.313333034515381,226500,SNBR
820,2003-04-10,7.326666831970215,7.3333330154418945,7.2133331298828125,7.300000190734863,273300,SNBR
821,2003-04-11,7.3466668128967285,7.433332920074463,7.199999809265137,7.313333034515381,148050,SNBR
822,2003-04-14,7.366666793823242,7.6666669845581055,7.0,7.5,962250,SNBR
823,2003-04-15,7.073332786560059,7.099999904632568,6.633333206176758,6.75333309173584,1876350,SNBR
824,2003-04-16,6.8933329582214355,7.033332824707031,6.566667079925537,7.033332824707031,1111650,SNBR
825,2003-04-17,7.133333206176758,7.5,6.966667175292969,7.386666774749756,644550,SNBR
826,2003-04-21,7.366666793823242,7.659999847412109,7.266666889190674,7.453332901000977,571800,SNBR
827,2003-04-22,7.453332901000977,7.533332824707031,7.340000152587891,7.519999980926514,338250,SNBR
828,2003-04-23,7.453332901000977,7.599999904632568,7.453332901000977,7.593332767486572,367800,SNBR
829,2003-04-24,7.426667213439941,7.646667003631592,7.366666793823242,7.599999904632568,341850,SNBR
830,2003-04-25,7.553332805633545,7.639999866485596,7.366666793823242,7.519999980926514,237600,SNBR
831,2003-04-28,7.593332767486572,7.886666774749756,7.5,7.6533331871032715,612000,SNBR
832,2003-04-29,7.7133331298828125,8.326666831970215,7.6666669845581055,8.220000267028809,790800,SNBR
833,2003-04-30,8.266667366027832,9.233332633972168,8.220000267028809,9.026666641235352,1899000,SNBR
834,2003-05-01,9.026666641235352,9.119999885559082,8.846667289733887,9.033332824707031,699150,SNBR
835,2003-05-02,9.006667137145996,9.293333053588867,8.899999618530273,9.100000381469727,396000,SNBR
836,2003-05-05,9.199999809265137,9.326666831970215,9.033332824707031,9.206666946411133,331500,SNBR
837,2003-05-06,9.046667098999023,9.133333206176758,8.786666870117188,8.993332862854004,408450,SNBR
838,2003-05-07,8.966667175292969,9.199999809265137,8.866666793823242,8.979999542236328,306450,SNBR
839,2003-05-08,8.986666679382324,8.993332862854004,8.713333129882812,8.793333053588867,480000,SNBR
840,2003-05-09,9.206666946411133,9.853333473205566,9.199999809265137,9.673333168029785,6969450,SNBR
841,2003-05-12,9.65999984741211,10.0,9.646666526794434,9.893333435058594,1203900,SNBR
842,2003-05-13,9.873332977294922,9.893333435058594,9.739999771118164,9.766667366027832,423150,SNBR
843,2003-05-14,9.800000190734863,10.066666603088379,9.626667022705078,9.880000114440918,1049250,SNBR
844,2003-05-15,9.880000114440918,10.053333282470703,9.880000114440918,10.033332824707031,715500,SNBR
845,2003-05-16,10.026666641235352,10.133333206176758,9.74666690826416,10.033332824707031,934950,SNBR
846,2003-05-19,10.066666603088379,10.066666603088379,9.539999961853027,9.566666603088379,1059750,SNBR
847,2003-05-20,9.686667442321777,9.886667251586914,9.579999923706055,9.673333168029785,949650,SNBR
848,2003-05-21,9.713333129882812,9.886667251586914,9.713333129882812,9.859999656677246,520650,SNBR
849,2003-05-22,9.866666793823242,10.100000381469727,9.866666793823242,10.039999961853027,838050,SNBR
850,2003-05-23,10.113332748413086,10.533332824707031,10.100000381469727,10.41333293914795,1260750,SNBR
851,2003-05-27,10.486666679382324,10.486666679382324,10.233332633972168,10.266667366027832,788550,SNBR
852,2003-05-28,10.366666793823242,10.666666984558105,10.293333053588867,10.566666603088379,697500,SNBR
853,2003-05-29,10.5600004196167,10.699999809265137,10.533332824707031,10.566666603088379,510750,SNBR
854,2003-05-30,10.633333206176758,10.739999771118164,10.573332786560059,10.699999809265137,1234200,SNBR
855,2003-06-02,10.733332633972168,10.733332633972168,10.300000190734863,10.666666984558105,1068300,SNBR
856,2003-06-03,10.646666526794434,10.800000190734863,10.566666603088379,10.606666564941406,399450,SNBR
857,2003-06-04,10.633333206176758,10.726667404174805,10.606666564941406,10.666666984558105,223950,SNBR
858,2003-06-05,10.733332633972168,11.300000190734863,10.633333206176758,11.300000190734863,738300,SNBR
859,2003-06-06,11.333333015441895,11.433333396911621,10.699999809265137,10.846667289733887,795450,SNBR
860,2003-06-09,10.993332862854004,10.993332862854004,10.5,10.513333320617676,473550,SNBR
861,2003-06-10,10.566666603088379,10.779999732971191,10.566666603088379,10.760000228881836,346800,SNBR
862,2003-06-11,10.779999732971191,11.066666603088379,10.58666706085205,11.0,409950,SNBR
863,2003-06-12,11.166666984558105,11.366666793823242,11.079999923706055,11.286666870117188,480000,SNBR
864,2003-06-13,11.279999732971191,11.453332901000977,11.279999732971191,11.41333293914795,1001850,SNBR
865,2003-06-16,11.453332901000977,12.039999961853027,11.30666732788086,11.960000038146973,865350,SNBR
866,2003-06-17,12.033332824707031,12.033332824707031,11.5,11.513333320617676,1154850,SNBR
867,2003-06-18,11.526666641235352,11.526666641235352,11.233332633972168,11.333333015441895,521100,SNBR
868,2003-06-19,11.366666793823242,11.579999923706055,10.933333396911621,11.126667022705078,692850,SNBR
869,2003-06-20,11.126667022705078,11.41333293914795,11.013333320617676,11.41333293914795,392850,SNBR
870,2003-06-23,11.40666675567627,11.40666675567627,10.739999771118164,11.0,378900,SNBR
871,2003-06-24,11.0,11.100000381469727,10.84000015258789,10.979999542236328,520650,SNBR
872,2003-06-25,10.846667289733887,11.226667404174805,10.846667289733887,11.073332786560059,308700,SNBR
873,2003-06-26,10.9399995803833,11.213333129882812,10.920000076293945,11.020000457763672,258900,SNBR
874,2003-06-27,10.960000038146973,11.033332824707031,10.720000267028809,10.819999694824219,396900,SNBR
875,2003-06-30,10.733332633972168,11.133333206176758,10.706666946411133,10.966667175292969,1650900,SNBR
876,2003-07-01,11.0,11.0,10.380000114440918,10.9399995803833,674100,SNBR
877,2003-07-02,10.880000114440918,11.30666732788086,10.466667175292969,11.286666870117188,961350,SNBR
878,2003-07-03,12.053333282470703,14.140000343322754,12.0,12.966667175292969,3416250,SNBR
879,2003-07-07,13.166666984558105,13.5600004196167,13.066666603088379,13.5,1230450,SNBR
880,2003-07-08,13.420000076293945,14.333333015441895,13.366666793823242,14.226667404174805,1365450,SNBR
881,2003-07-09,14.233332633972168,15.0,14.08666706085205,14.319999694824219,1044450,SNBR
882,2003-07-10,14.300000190734863,14.380000114440918,12.853333473205566,13.733332633972168,2247150,SNBR
883,2003-07-11,13.733332633972168,14.133333206176758,13.699999809265137,14.066666603088379,470250,SNBR
884,2003-07-14,14.166666984558105,14.686667442321777,14.133333206176758,14.633333206176758,704550,SNBR
885,2003-07-15,14.466667175292969,14.633333206176758,13.313332557678223,14.006667137145996,1554000,SNBR
886,2003-07-16,14.133333206176758,14.133333206176758,13.533332824707031,13.793333053588867,648300,SNBR
887,2003-07-17,13.766667366027832,13.899999618530273,13.153332710266113,13.333333015441895,564450,SNBR
888,2003-07-18,13.133333206176758,14.013333320617676,13.133333206176758,13.786666870117188,484050,SNBR
889,2003-07-21,13.933333396911621,13.986666679382324,13.5,13.666666984558105,976050,SNBR
890,2003-07-22,13.813332557678223,14.0600004196167,13.666666984558105,14.020000457763672,434250,SNBR
891,2003-07-23,14.08666706085205,14.186667442321777,13.779999732971191,14.113332748413086,250350,SNBR
892,2003-07-24,14.266667366027832,14.533332824707031,14.046667098999023,14.493332862854004,684000,SNBR
893,2003-07-25,14.5,14.720000267028809,14.300000190734863,14.653332710266113,324450,SNBR
894,2003-07-28,14.65999984741211,14.65999984741211,14.206666946411133,14.300000190734863,224850,SNBR
895,2003-07-29,14.433333396911621,14.626667022705078,14.24666690826416,14.58666706085205,293250,SNBR
896,2003-07-30,14.533332824707031,14.600000381469727,14.293333053588867,14.453332901000977,115650,SNBR
897,2003-07-31,14.699999809265137,14.74666690826416,14.466667175292969,14.666666984558105,471600,SNBR
898,2003-08-01,14.699999809265137,14.699999809265137,13.873332977294922,14.146666526794434,659400,SNBR
899,2003-08-04,14.106666564941406,14.133333206176758,13.5,13.819999694824219,483300,SNBR
900,2003-08-05,13.926667213439941,13.926667213439941,13.366666793823242,13.513333320617676,476250,SNBR
901,2003-08-06,13.466667175292969,13.5600004196167,12.420000076293945,13.146666526794434,878850,SNBR
902,2003-08-07,13.0,13.359999656677246,12.866666793823242,13.053333282470703,606150,SNBR
903,2003-08-08,12.706666946411133,12.74666690826416,12.100000381469727,12.626667022705078,2715450,SNBR
904,2003-08-11,12.84000015258789,12.853333473205566,12.426667213439941,12.713333129882812,348600,SNBR
905,2003-08-12,12.713333129882812,13.466667175292969,12.713333129882812,13.426667213439941,889350,SNBR
906,2003-08-13,13.573332786560059,14.166666984558105,13.546667098999023,13.846667289733887,896100,SNBR
907,2003-08-14,13.899999618530273,14.166666984558105,13.779999732971191,14.09333324432373,410400,SNBR
908,2003-08-15,14.08666706085205,14.133333206176758,13.880000114440918,13.899999618530273,152850,SNBR
909,2003-08-18,13.899999618530273,14.19333267211914,13.899999618530273,14.033332824707031,382950,SNBR
910,2003-08-19,14.09333324432373,14.633333206176758,13.966667175292969,14.626667022705078,306150,SNBR
911,2003-08-20,14.619999885559082,14.666666984558105,14.386667251586914,14.666666984558105,474750,SNBR
912,2003-08-21,14.733332633972168,15.41333293914795,14.65999984741211,15.046667098999023,1481550,SNBR
913,2003-08-22,15.34000015258789,15.399999618530273,15.126667022705078,15.319999694824219,564600,SNBR
914,2003-08-25,15.333333015441895,15.399999618530273,15.006667137145996,15.0600004196167,514200,SNBR
915,2003-08-26,15.053333282470703,15.0600004196167,14.333333015441895,14.800000190734863,371250,SNBR
916,2003-08-27,14.800000190734863,14.953332901000977,14.666666984558105,14.819999694824219,813600,SNBR
917,2003-08-28,14.819999694824219,15.600000381469727,14.666666984558105,15.333333015441895,1584600,SNBR
918,2003-08-29,15.506667137145996,15.826666831970215,15.25333309173584,15.526666641235352,368400,SNBR
919,2003-09-02,15.833333015441895,16.100000381469727,15.566666603088379,16.03333282470703,428850,SNBR
920,2003-09-03,16.1200008392334,16.35333251953125,15.84000015258789,15.953332901000977,838500,SNBR
921,2003-09-04,16.0,16.0,15.626667022705078,15.773332595825195,508350,SNBR
922,2003-09-05,15.766667366027832,16.059999465942383,15.380000114440918,15.653332710266113,597150,SNBR
923,2003-09-08,16.399999618530273,16.65999984741211,15.553333282470703,15.859999656677246,1076850,SNBR
924,2003-09-09,15.866666793823242,15.933333396911621,15.466667175292969,15.739999771118164,392250,SNBR
925,2003-09-10,15.893333435058594,15.893333435058594,14.833333015441895,15.106666564941406,492900,SNBR
926,2003-09-11,15.186667442321777,16.833332061767578,15.100000381469727,16.53333282470703,1756350,SNBR
927,2003-09-12,16.666667938232422,16.666667938232422,16.133333206176758,16.53333282470703,649500,SNBR
928,2003-09-15,16.53333282470703,17.0,16.53333282470703,16.80666732788086,804900,SNBR
929,2003-09-16,16.85333251953125,18.15333366394043,16.833332061767578,17.96666717529297,966750,SNBR
930,2003-09-17,18.03333282470703,19.440000534057617,17.913333892822266,18.633333206176758,1664250,SNBR
931,2003-09-18,18.766666412353516,18.799999237060547,18.14666748046875,18.600000381469727,772050,SNBR
932,2003-09-19,18.700000762939453,18.719999313354492,18.100000381469727,18.299999237060547,622950,SNBR
933,2003-09-22,18.266666412353516,18.266666412353516,17.833332061767578,18.046667098999023,508650,SNBR
934,2003-09-23,18.086666107177734,18.793333053588867,17.84666633605957,18.553333282470703,693000,SNBR
935,2003-09-24,18.65333366394043,19.266666412353516,17.953332901000977,18.03333282470703,552300,SNBR
936,2003-09-25,17.96666717529297,18.093332290649414,17.14666748046875,17.51333236694336,535200,SNBR
937,2003-09-26,17.260000228881836,17.479999542236328,16.833332061767578,16.926666259765625,648750,SNBR
938,2003-09-29,17.03333282470703,17.386667251586914,16.746667861938477,17.086666107177734,359400,SNBR
939,2003-09-30,17.126667022705078,17.953332901000977,16.97333335876465,17.69333267211914,720450,SNBR
940,2003-10-01,17.739999771118164,18.726667404174805,17.733333587646484,18.566667556762695,783300,SNBR
941,2003-10-02,19.1200008392334,19.166667938232422,18.053333282470703,18.360000610351562,1369800,SNBR
942,2003-10-03,18.453332901000977,19.139999389648438,18.366666793823242,18.666667938232422,710100,SNBR
943,2003-10-06,18.739999771118164,18.97333335876465,18.65333366394043,18.65999984741211,655050,SNBR
944,2003-10-07,18.666667938232422,18.96666717529297,18.5,18.8799991607666,352350,SNBR
945,2003-10-08,18.99333381652832,19.133333206176758,18.559999465942383,18.600000381469727,340950,SNBR
946,2003-10-09,18.733333587646484,19.65333366394043,18.626667022705078,18.799999237060547,565500,SNBR
947,2003-10-10,19.106666564941406,19.17333221435547,18.833332061767578,18.899999618530273,461400,SNBR
948,2003-10-13,19.073333740234375,19.333332061767578,18.97333335876465,19.200000762939453,674400,SNBR
949,2003-10-14,18.600000381469727,19.280000686645508,17.479999542236328,18.833332061767578,1184100,SNBR
950,2003-10-15,18.906667709350586,19.0,18.51333236694336,18.666667938232422,419850,SNBR
951,2003-10-16,18.780000686645508,18.8799991607666,18.606666564941406,18.773332595825195,267750,SNBR
952,2003-10-17,18.780000686645508,18.780000686645508,18.18000030517578,18.53333282470703,444000,SNBR
953,2003-10-20,18.48666763305664,18.833332061767578,18.280000686645508,18.746667861938477,352800,SNBR
954,2003-10-21,18.833332061767578,19.393333435058594,18.65333366394043,19.333332061767578,578400,SNBR
955,2003-10-22,19.333332061767578,19.386667251586914,18.933332443237305,19.273332595825195,269700,SNBR
956,2003-10-23,19.166667938232422,19.8799991607666,18.97333335876465,19.260000228881836,826500,SNBR
957,2003-10-24,19.246667861938477,19.253332138061523,18.713333129882812,19.113332748413086,358200,SNBR
958,2003-10-27,19.626667022705078,20.0,19.299999237060547,19.633333206176758,885150,SNBR
959,2003-10-28,19.706666946411133,20.233333587646484,19.64666748046875,20.200000762939453,644100,SNBR
960,2003-10-29,20.200000762939453,21.226667404174805,20.046667098999023,20.953332901000977,792450,SNBR
961,2003-10-30,21.15333366394043,21.546667098999023,20.833332061767578,21.1200008392334,1018950,SNBR
962,2003-10-31,21.133333206176758,21.133333206176758,20.50666618347168,20.82666778564453,543150,SNBR
963,2003-11-03,20.913333892822266,20.97333335876465,20.559999465942383,20.726667404174805,891300,SNBR
964,2003-11-04,20.600000381469727,20.833332061767578,20.586666107177734,20.69333267211914,629550,SNBR
965,2003-11-05,20.6200008392334,20.726667404174805,19.780000686645508,19.96666717529297,1206600,SNBR
966,2003-11-06,19.979999542236328,19.99333381652832,17.893333435058594,19.399999618530273,2005500,SNBR
967,2003-11-07,19.200000762939453,19.639999389648438,19.046667098999023,19.133333206176758,644850,SNBR
968,2003-11-10,19.19333267211914,19.266666412353516,18.553333282470703,18.593332290649414,4467900,SNBR
969,2003-11-11,18.553333282470703,18.959999084472656,18.399999618530273,18.53333282470703,1464900,SNBR
970,2003-11-12,18.5,19.126667022705078,18.46666717529297,18.959999084472656,1001550,SNBR
971,2003-11-13,19.0,19.113332748413086,18.600000381469727,19.046667098999023,519450,SNBR
972,2003-11-14,19.03333282470703,19.393333435058594,18.52666664123535,18.559999465942383,505050,SNBR
973,2003-11-17,18.46666717529297,18.553333282470703,16.233333587646484,17.406667709350586,1745400,SNBR
974,2003-11-18,17.446666717529297,17.68666648864746,16.50666618347168,16.579999923706055,1155900,SNBR
975,2003-11-19,16.579999923706055,16.613332748413086,16.139999389648438,16.433332443237305,1339500,SNBR
976,2003-11-20,16.273332595825195,17.35333251953125,16.066667556762695,17.086666107177734,1264950,SNBR
977,2003-11-21,17.093332290649414,17.799999237060547,16.80666732788086,16.913333892822266,827400,SNBR
978,2003-11-24,17.200000762939453,17.633333206176758,17.066667556762695,17.46666717529297,738150,SNBR
979,2003-11-25,17.65333366394043,17.786666870117188,17.5,17.700000762939453,472500,SNBR
980,2003-11-26,17.760000228881836,18.020000457763672,17.573333740234375,17.766666412353516,570450,SNBR
981,2003-11-28,17.760000228881836,17.98666763305664,17.700000762939453,17.940000534057617,179700,SNBR
982,2003-12-01,17.98666763305664,18.0,17.5,17.733333587646484,597300,SNBR
983,2003-12-02,17.760000228881836,17.793333053588867,17.453332901000977,17.48666763305664,521250,SNBR
984,2003-12-03,17.280000686645508,17.5,16.773332595825195,16.780000686645508,1014900,SNBR
985,2003-12-04,16.940000534057617,16.953332901000977,15.493332862854004,16.30666732788086,1168500,SNBR
986,2003-12-05,16.266666412353516,16.360000610351562,15.69333267211914,15.973333358764648,545400,SNBR
987,2003-12-08,15.666666984558105,16.0,14.40666675567627,15.166666984558105,1815450,SNBR
988,2003-12-09,15.506667137145996,17.226667404174805,15.420000076293945,16.566667556762695,1561050,SNBR
989,2003-12-10,16.50666618347168,16.51333236694336,15.606666564941406,15.666666984558105,1068600,SNBR
990,2003-12-11,15.666666984558105,17.040000915527344,15.573332786560059,16.426666259765625,1267200,SNBR
991,2003-12-12,16.51333236694336,17.02666664123535,15.946666717529297,16.233333587646484,1045050,SNBR
992,2003-12-15,16.67333221435547,17.219999313354492,16.239999771118164,16.30666732788086,756000,SNBR
993,2003-12-16,16.253332138061523,16.3799991607666,15.333333015441895,15.579999923706055,1329000,SNBR
994,2003-12-17,15.533332824707031,16.19333267211914,15.513333320617676,15.84000015258789,463650,SNBR
995,2003-12-18,15.899999618530273,16.5,15.673333168029785,16.413333892822266,638400,SNBR
996,2003-12-19,16.65999984741211,16.713333129882812,16.166667938232422,16.373332977294922,589800,SNBR
997,2003-12-22,16.299999237060547,16.50666618347168,16.166667938232422,16.47333335876465,297900,SNBR
998,2003-12-23,16.360000610351562,16.893333435058594,16.34000015258789,16.613332748413086,405900,SNBR
999,2003-12-24,16.333332061767578,16.5,16.286666870117188,16.286666870117188,288150,SNBR
1000,2003-12-26,16.286666870117188,16.566667556762695,16.286666870117188,16.426666259765625,92100,SNBR
1001,2003-12-29,16.399999618530273,16.65333366394043,16.386667251586914,16.639999389648438,205350,SNBR
1002,2003-12-30,16.626667022705078,16.793333053588867,16.333332061767578,16.68000030517578,370650,SNBR
1003,2003-12-31,16.666667938232422,16.666667938232422,16.46666717529297,16.50666618347168,313950,SNBR
1004,2004-01-02,16.46666717529297,16.639999389648438,16.35333251953125,16.47333335876465,313800,SNBR
1005,2004-01-05,16.46666717529297,16.68000030517578,16.399999618530273,16.586666107177734,528600,SNBR
1006,2004-01-06,16.399999618530273,16.666667938232422,16.30666732788086,16.540000915527344,812100,SNBR
1007,2004-01-07,16.520000457763672,16.953332901000977,16.433332443237305,16.953332901000977,1021950,SNBR
1008,2004-01-08,16.979999542236328,17.49333381652832,16.50666618347168,16.546667098999023,895200,SNBR
1009,2004-01-09,16.886667251586914,17.47333335876465,16.546667098999023,17.066667556762695,1139250,SNBR
1010,2004-01-12,17.133333206176758,17.333332061767578,16.726667404174805,16.926666259765625,482850,SNBR
1011,2004-01-13,16.81999969482422,17.053333282470703,16.53333282470703,17.053333282470703,338700,SNBR
1012,2004-01-14,16.940000534057617,17.0,16.606666564941406,16.666667938232422,583050,SNBR
1013,2004-01-15,16.586666107177734,16.726667404174805,16.113332748413086,16.639999389648438,531300,SNBR
1014,2004-01-16,16.593332290649414,16.760000228881836,16.559999465942383,16.65999984741211,944700,SNBR
1015,2004-01-20,16.726667404174805,16.799999237060547,16.520000457763672,16.700000762939453,518700,SNBR
1016,2004-01-21,16.65999984741211,17.64666748046875,16.433332443237305,17.413333892822266,718800,SNBR
1017,2004-01-22,17.366666793823242,17.433332443237305,16.84666633605957,17.00666618347168,478650,SNBR
1018,2004-01-23,16.84666633605957,17.166667938232422,16.666667938232422,16.81333351135254,162450,SNBR
1019,2004-01-26,16.84000015258789,16.933332443237305,16.613332748413086,16.84666633605957,204000,SNBR
1020,2004-01-27,16.65999984741211,16.866666793823242,16.546667098999023,16.546667098999023,363300,SNBR
1021,2004-01-28,16.553333282470703,16.6200008392334,15.91333293914795,16.19333267211914,461850,SNBR
1022,2004-01-29,16.18000030517578,16.280000686645508,15.619999885559082,16.02666664123535,498450,SNBR
1023,2004-01-30,15.979999542236328,16.17333221435547,15.453332901000977,15.520000457763672,361200,SNBR
1024,2004-02-02,15.399999618530273,15.399999618530273,15.0,15.273332595825195,1690350,SNBR
1025,2004-02-03,15.206666946411133,15.266667366027832,14.733332633972168,15.153332710266113,1254150,SNBR
1026,2004-02-04,14.9399995803833,15.333333015441895,14.59333324432373,14.833333015441895,867000,SNBR
1027,2004-02-05,14.873332977294922,15.100000381469727,14.366666793823242,14.386667251586914,1059150,SNBR
1028,2004-02-06,14.266667366027832,15.286666870117188,14.266667366027832,14.90666675567627,1600800,SNBR
1029,2004-02-09,14.946666717529297,15.19333267211914,14.766667366027832,14.833333015441895,741600,SNBR
1030,2004-02-10,14.933333396911621,16.086666107177734,14.899999618530273,15.686667442321777,1860600,SNBR
1031,2004-02-11,16.1200008392334,16.626667022705078,15.106666564941406,16.433332443237305,2244600,SNBR
1032,2004-02-12,16.586666107177734,16.81333351135254,16.333332061767578,16.786666870117188,931500,SNBR
1033,2004-02-13,16.84000015258789,16.946666717529297,16.579999923706055,16.700000762939453,634800,SNBR
1034,2004-02-17,16.766666412353516,16.766666412353516,16.35333251953125,16.639999389648438,292800,SNBR
1035,2004-02-18,16.546667098999023,16.666667938232422,16.5,16.606666564941406,329400,SNBR
1036,2004-02-19,16.6200008392334,16.633333206176758,16.246667861938477,16.3799991607666,330150,SNBR
1037,2004-02-20,16.413333892822266,16.50666618347168,15.666666984558105,16.459999084472656,565800,SNBR
1038,2004-02-23,16.459999084472656,16.459999084472656,15.699999809265137,16.360000610351562,675150,SNBR
1039,2004-02-24,16.799999237060547,16.873332977294922,16.126667022705078,16.68666648864746,1795800,SNBR
1040,2004-02-25,16.773332595825195,17.299999237060547,16.666667938232422,17.17333221435547,924900,SNBR
1041,2004-02-26,17.360000610351562,17.953332901000977,17.18000030517578,17.68666648864746,5736300,SNBR
1042,2004-02-27,17.780000686645508,18.15999984741211,17.68000030517578,18.046667098999023,1143150,SNBR
1043,2004-03-01,17.920000076293945,18.726667404174805,17.913333892822266,18.666667938232422,993600,SNBR
1044,2004-03-02,18.606666564941406,18.746667861938477,18.413333892822266,18.67333221435547,1002750,SNBR
1045,2004-03-03,18.69333267211914,18.760000228881836,18.50666618347168,18.68000030517578,1113450,SNBR
1046,2004-03-04,18.666667938232422,18.886667251586914,18.613332748413086,18.84666633605957,653250,SNBR
1047,2004-03-05,18.739999771118164,19.03333282470703,18.433332443237305,18.780000686645508,406350,SNBR
1048,2004-03-08,18.65999984741211,18.773332595825195,18.34666633605957,18.433332443237305,363300,SNBR
1049,2004-03-09,18.386667251586914,18.47333335876465,17.933332443237305,17.96666717529297,657750,SNBR
1050,2004-03-10,17.906667709350586,17.940000534057617,17.579999923706055,17.579999923706055,548100,SNBR
1051,2004-03-11,17.49333381652832,17.553333282470703,17.066667556762695,17.333332061767578,664500,SNBR
1052,2004-03-12,17.32666778564453,17.5,17.233333587646484,17.333332061767578,585450,SNBR
1053,2004-03-15,17.31333351135254,17.8799991607666,16.866666793823242,17.100000381469727,341850,SNBR
1054,2004-03-16,17.126667022705078,17.32666778564453,16.68666648864746,16.68666648864746,491700,SNBR
1055,2004-03-17,16.67333221435547,17.293333053588867,16.67333221435547,17.133333206176758,351900,SNBR
1056,2004-03-18,17.206666946411133,17.52666664123535,16.82666778564453,17.31333351135254,574650,SNBR
1057,2004-03-19,17.399999618530273,17.606666564941406,17.266666412353516,17.47333335876465,512250,SNBR
1058,2004-03-22,17.35333251953125,17.50666618347168,17.0,17.166667938232422,450150,SNBR
1059,2004-03-23,17.280000686645508,17.433332443237305,16.933332443237305,17.19333267211914,461850,SNBR
1060,2004-03-24,17.133333206176758,17.253332138061523,16.579999923706055,17.066667556762695,463200,SNBR
1061,2004-03-25,17.100000381469727,18.15333366394043,17.100000381469727,18.100000381469727,539700,SNBR
1062,2004-03-26,18.17333221435547,18.540000915527344,18.059999465942383,18.366666793823242,497250,SNBR
1063,2004-03-29,18.47333335876465,18.666667938232422,18.286666870117188,18.420000076293945,346350,SNBR
1064,2004-03-30,18.333332061767578,18.52666664123535,18.239999771118164,18.52666664123535,306750,SNBR
1065,2004-03-31,18.50666618347168,18.53333282470703,18.333332061767578,18.393333435058594,261750,SNBR
1066,2004-04-01,17.67333221435547,18.5,17.67333221435547,18.133333206176758,575550,SNBR
1067,2004-04-02,17.886667251586914,18.52666664123535,17.860000610351562,18.52666664123535,304050,SNBR
1068,2004-04-05,18.579999923706055,18.579999923706055,18.266666412353516,18.51333236694336,382650,SNBR
1069,2004-04-06,18.52666664123535,18.559999465942383,18.34666633605957,18.48666763305664,295650,SNBR
1070,2004-04-07,18.393333435058594,18.706666946411133,18.213333129882812,18.706666946411133,643800,SNBR
1071,2004-04-08,18.700000762939453,18.873332977294922,18.213333129882812,18.440000534057617,496800,SNBR
1072,2004-04-12,19.15333366394043,20.066667556762695,19.0,19.833332061767578,1155600,SNBR
1073,2004-04-13,19.666667938232422,19.833332061767578,19.03333282470703,19.100000381469727,605700,SNBR
1074,2004-04-14,19.093332290649414,19.65999984741211,19.066667556762695,19.48666763305664,575400,SNBR
1075,2004-04-15,19.420000076293945,19.726667404174805,19.386667251586914,19.606666564941406,333000,SNBR
1076,2004-04-16,19.600000381469727,19.833332061767578,19.0,19.639999389648438,301800,SNBR
1077,2004-04-19,19.766666412353516,20.0,19.566667556762695,19.906667709350586,390000,SNBR
1078,2004-04-20,19.98666763305664,20.15333366394043,19.420000076293945,19.49333381652832,382350,SNBR
1079,2004-04-21,18.106666564941406,18.206666946411133,16.553333282470703,16.746667861938477,3977700,SNBR
1080,2004-04-22,16.566667556762695,19.066667556762695,16.53333282470703,18.719999313354492,2738400,SNBR
1081,2004-04-23,19.00666618347168,19.053333282470703,17.67333221435547,18.253332138061523,1025700,SNBR
1082,2004-04-26,18.360000610351562,18.46666717529297,17.666667938232422,17.81999969482422,803100,SNBR
1083,2004-04-27,18.020000457763672,18.059999465942383,17.546667098999023,17.733333587646484,433050,SNBR
1084,2004-04-28,17.53333282470703,17.833332061767578,17.133333206176758,17.266666412353516,568650,SNBR
1085,2004-04-29,17.266666412353516,17.393333435058594,16.18000030517578,16.413333892822266,945600,SNBR
1086,2004-04-30,16.406667709350586,16.746667861938477,16.0,16.15999984741211,555450,SNBR
1087,2004-05-03,16.133333206176758,16.633333206176758,16.106666564941406,16.373332977294922,1089600,SNBR
1088,2004-05-04,16.433332443237305,16.440000534057617,15.5,16.30666732788086,1196250,SNBR
1089,2004-05-05,16.446666717529297,16.700000762939453,16.280000686645508,16.360000610351562,436950,SNBR
1090,2004-05-06,16.446666717529297,16.446666717529297,16.020000457763672,16.213333129882812,841350,SNBR
1091,2004-05-07,16.18666648864746,16.46666717529297,15.40666675567627,15.466667175292969,462000,SNBR
1092,2004-05-10,15.466667175292969,15.646666526794434,14.726667404174805,15.399999618530273,606750,SNBR
1093,2004-05-11,15.513333320617676,16.18666648864746,15.5,16.18666648864746,668400,SNBR
1094,2004-05-12,16.100000381469727,16.586666107177734,15.933333396911621,16.586666107177734,888150,SNBR
1095,2004-05-13,16.606666564941406,16.80666732788086,16.299999237060547,16.573333740234375,822600,SNBR
1096,2004-05-14,16.706666946411133,16.706666946411133,16.18666648864746,16.406667709350586,449400,SNBR
1097,2004-05-17,16.32666778564453,16.333332061767578,15.58666706085205,15.859999656677246,580050,SNBR
1098,2004-05-18,16.046667098999023,16.113332748413086,15.893333435058594,15.979999542236328,256350,SNBR
1099,2004-05-19,16.1200008392334,16.459999084472656,15.800000190734863,15.859999656677246,425550,SNBR
1100,2004-05-20,15.800000190734863,16.200000762939453,15.800000190734863,15.973333358764648,298800,SNBR
1101,2004-05-21,16.133333206176758,16.48666763305664,16.040000915527344,16.406667709350586,387450,SNBR
1102,2004-05-24,16.579999923706055,16.713333129882812,16.3799991607666,16.459999084472656,402450,SNBR
1103,2004-05-25,16.49333381652832,18.48666763305664,16.233333587646484,18.399999618530273,1794150,SNBR
1104,2004-05-26,18.46666717529297,18.46666717529297,17.766666412353516,18.0,616050,SNBR
1105,2004-05-27,17.99333381652832,18.34666633605957,17.780000686645508,18.293333053588867,659550,SNBR
1106,2004-05-28,18.253332138061523,18.32666778564453,17.920000076293945,18.0,560250,SNBR
1107,2004-06-01,17.899999618530273,18.566667556762695,17.8799991607666,18.266666412353516,612600,SNBR
1108,2004-06-02,18.166667938232422,18.46666717529297,18.15999984741211,18.393333435058594,213600,SNBR
1109,2004-06-03,18.253332138061523,18.433332443237305,18.02666664123535,18.31999969482422,469650,SNBR
1110,2004-06-04,18.453332901000977,18.46666717529297,17.80666732788086,17.913333892822266,632250,SNBR
1111,2004-06-07,18.0,18.706666946411133,17.926666259765625,18.420000076293945,599100,SNBR
1112,2004-06-08,18.31333351135254,18.559999465942383,18.17333221435547,18.426666259765625,175800,SNBR
1113,2004-06-09,18.30666732788086,18.5,17.946666717529297,18.066667556762695,258300,SNBR
1114,2004-06-10,18.260000228881836,18.360000610351562,17.739999771118164,17.81999969482422,438000,SNBR
1115,2004-06-14,17.733333587646484,18.0,17.573333740234375,17.933332443237305,398100,SNBR
1116,2004-06-15,18.1200008392334,18.666667938232422,17.98666763305664,18.553333282470703,551250,SNBR
1117,2004-06-16,18.67333221435547,19.366666793823242,18.440000534057617,19.133333206176758,796200,SNBR
1118,2004-06-17,19.166667938232422,19.333332061767578,18.926666259765625,19.093332290649414,324150,SNBR
1119,2004-06-18,18.886667251586914,19.366666793823242,18.886667251586914,19.30666732788086,388800,SNBR
1120,2004-06-21,19.406667709350586,19.426666259765625,19.126667022705078,19.266666412353516,279750,SNBR
1121,2004-06-22,19.086666107177734,19.260000228881836,18.233333587646484,18.286666870117188,962400,SNBR
1122,2004-06-23,18.32666778564453,18.53333282470703,18.233333587646484,18.413333892822266,562200,SNBR
1123,2004-06-24,18.413333892822266,19.166667938232422,18.30666732788086,19.046667098999023,613800,SNBR
1124,2004-06-25,19.046667098999023,19.373332977294922,18.666667938232422,19.32666778564453,1353600,SNBR
1125,2004-06-28,19.420000076293945,19.420000076293945,18.593332290649414,18.84666633605957,470100,SNBR
1126,2004-06-29,18.68666648864746,18.940000534057617,18.546667098999023,18.760000228881836,341400,SNBR
1127,2004-06-30,18.766666412353516,19.0,18.566667556762695,18.933332443237305,269100,SNBR
1128,2004-07-01,19.286666870117188,19.286666870117188,18.600000381469727,18.97333335876465,390450,SNBR
1129,2004-07-02,19.166667938232422,19.200000762939453,18.50666618347168,18.613332748413086,371250,SNBR
1130,2004-07-06,18.5,18.540000915527344,17.81333351135254,17.81333351135254,543450,SNBR
1131,2004-07-07,17.799999237060547,18.073333740234375,17.47333335876465,17.566667556762695,739950,SNBR
1132,2004-07-08,17.5,17.666667938232422,16.360000610351562,16.666667938232422,1438650,SNBR
1133,2004-07-09,16.393333435058594,16.98666763305664,16.0,16.14666748046875,1150500,SNBR
1134,2004-07-12,15.9399995803833,16.3799991607666,15.84000015258789,16.293333053588867,1200000,SNBR
1135,2004-07-13,12.393333435058594,12.420000076293945,11.59333324432373,11.993332862854004,15469200,SNBR
1136,2004-07-14,12.0,12.479999542236328,11.91333293914795,12.41333293914795,4842150,SNBR
1137,2004-07-15,12.486666679382324,13.006667137145996,12.273332595825195,13.006667137145996,1688700,SNBR
1138,2004-07-16,13.113332748413086,13.233332633972168,12.506667137145996,12.600000381469727,910050,SNBR
1139,2004-07-19,12.819999694824219,12.826666831970215,12.286666870117188,12.34000015258789,1041600,SNBR
1140,2004-07-20,12.446666717529297,12.713333129882812,12.359999656677246,12.600000381469727,1443300,SNBR
1141,2004-07-21,12.760000228881836,13.046667098999023,12.566666603088379,12.640000343322754,1102200,SNBR
1142,2004-07-22,12.739999771118164,13.133333206176758,12.153332710266113,12.566666603088379,1646400,SNBR
1143,2004-07-23,12.633333206176758,12.859999656677246,12.600000381469727,12.65999984741211,971850,SNBR
1144,2004-07-26,12.986666679382324,12.986666679382324,12.513333320617676,12.626667022705078,1206750,SNBR
1145,2004-07-27,12.680000305175781,13.166666984558105,12.606666564941406,13.166666984558105,832950,SNBR
1146,2004-07-28,13.0600004196167,13.40666675567627,12.91333293914795,13.073332786560059,656400,SNBR
1147,2004-07-29,12.973333358764648,13.380000114440918,12.953332901000977,13.25333309173584,911850,SNBR
1148,2004-07-30,13.366666793823242,13.673333168029785,13.260000228881836,13.619999885559082,543000,SNBR
1149,2004-08-02,13.333333015441895,13.5,10.453332901000977,10.606666564941406,8317950,SNBR
1150,2004-08-03,11.65999984741211,11.866666793823242,10.853333473205566,10.966667175292969,7361100,SNBR
1151,2004-08-04,11.166666984558105,11.606666564941406,10.673333168029785,11.399999618530273,2851950,SNBR
1152,2004-08-05,11.41333293914795,11.833333015441895,11.399999618530273,11.653332710266113,1821600,SNBR
1153,2004-08-06,11.486666679382324,11.579999923706055,11.0,11.140000343322754,2156100,SNBR
1154,2004-08-09,11.233332633972168,11.366666793823242,11.0600004196167,11.09333324432373,998100,SNBR
1155,2004-08-10,10.920000076293945,11.013333320617676,10.220000267028809,10.699999809265137,2348700,SNBR
1156,2004-08-11,10.65999984741211,10.65999984741211,10.326666831970215,10.513333320617676,961200,SNBR
1157,2004-08-12,10.473333358764648,10.666666984558105,10.15999984741211,10.239999771118164,770850,SNBR
1158,2004-08-13,9.953332901000977,9.979999542236328,8.760000228881836,9.34000015258789,5789700,SNBR
1159,2004-08-16,9.41333293914795,10.08666706085205,9.373332977294922,10.033332824707031,1626900,SNBR
1160,2004-08-17,9.953332901000977,10.213333129882812,9.953332901000977,10.199999809265137,672600,SNBR
1161,2004-08-18,10.24666690826416,10.266667366027832,9.90666675567627,10.053333282470703,763800,SNBR
1162,2004-08-19,10.066666603088379,10.220000267028809,9.893333435058594,10.140000343322754,903450,SNBR
1163,2004-08-20,10.220000267028809,10.793333053588867,10.013333320617676,10.646666526794434,940800,SNBR
1164,2004-08-23,10.773332595825195,10.813332557678223,10.513333320617676,10.619999885559082,621450,SNBR
1165,2004-08-24,10.699999809265137,10.793333053588867,10.446666717529297,10.640000343322754,443400,SNBR
1166,2004-08-25,10.686667442321777,10.899999618530273,10.486666679382324,10.899999618530273,345900,SNBR
1167,2004-08-26,10.800000190734863,11.033332824707031,10.566666603088379,11.020000457763672,780900,SNBR
1168,2004-08-27,11.033332824707031,11.359999656677246,11.026666641235352,11.300000190734863,586650,SNBR
1169,2004-08-30,11.233332633972168,11.346667289733887,10.573332786560059,10.579999923706055,1117050,SNBR
1170,2004-08-31,10.579999923706055,10.706666946411133,10.313332557678223,10.58666706085205,817650,SNBR
1171,2004-09-01,10.600000381469727,10.933333396911621,10.466667175292969,10.733332633972168,470700,SNBR
1172,2004-09-02,10.793333053588867,10.920000076293945,10.59333324432373,10.920000076293945,293100,SNBR
1173,2004-09-03,10.786666870117188,10.819999694824219,10.506667137145996,10.539999961853027,545850,SNBR
1174,2004-09-07,10.600000381469727,10.979999542236328,10.546667098999023,10.960000038146973,459000,SNBR
1175,2004-09-08,11.0,11.300000190734863,10.793333053588867,10.853333473205566,485100,SNBR
1176,2004-09-09,10.899999618530273,10.920000076293945,10.766667366027832,10.873332977294922,500850,SNBR
1177,2004-09-10,10.960000038146973,11.199999809265137,10.713333129882812,11.19333267211914,426300,SNBR
1178,2004-09-13,11.279999732971191,11.399999618530273,11.146666526794434,11.300000190734863,325950,SNBR
1179,2004-09-14,11.273332595825195,11.353333473205566,10.933333396911621,11.079999923706055,493350,SNBR
1180,2004-09-15,11.146666526794434,11.146666526794434,10.833333015441895,10.899999618530273,289500,SNBR
1181,2004-09-16,10.866666793823242,11.066666603088379,10.866666793823242,11.039999961853027,369600,SNBR
1182,2004-09-17,11.100000381469727,11.166666984558105,10.866666793823242,10.886667251586914,518250,SNBR
1183,2004-09-20,10.873332977294922,10.953332901000977,10.766667366027832,10.813332557678223,424950,SNBR
1184,2004-09-21,10.859999656677246,11.24666690826416,10.826666831970215,11.226667404174805,386550,SNBR
1185,2004-09-22,11.293333053588867,11.293333053588867,10.880000114440918,10.899999618530273,258900,SNBR
1186,2004-09-23,11.020000457763672,11.853333473205566,10.933333396911621,11.74666690826416,994650,SNBR
1187,2004-09-24,12.0,12.566666603088379,11.846667289733887,11.993332862854004,737250,SNBR
1188,2004-09-27,12.486666679382324,12.553333282470703,12.039999961853027,12.19333267211914,777900,SNBR
1189,2004-09-28,12.380000114440918,12.40666675567627,12.140000343322754,12.333333015441895,639750,SNBR
1190,2004-09-29,12.380000114440918,12.666666984558105,12.079999923706055,12.233332633972168,736350,SNBR
1191,2004-09-30,12.19333267211914,12.239999771118164,11.966667175292969,12.133333206176758,428250,SNBR
1192,2004-10-01,12.046667098999023,12.346667289733887,12.0,12.15999984741211,400350,SNBR
1193,2004-10-04,12.199999809265137,12.34000015258789,12.126667022705078,12.166666984558105,395850,SNBR
1194,2004-10-05,12.19333267211914,12.199999809265137,11.793333053588867,11.866666793823242,474900,SNBR
1195,2004-10-06,11.786666870117188,12.066666603088379,11.786666870117188,12.066666603088379,293250,SNBR
1196,2004-10-07,12.133333206176758,12.25333309173584,11.613332748413086,11.633333206176758,686250,SNBR
1197,2004-10-08,10.686667442321777,11.166666984558105,10.680000305175781,11.0,2424900,SNBR
1198,2004-10-11,10.960000038146973,11.066666603088379,10.579999923706055,10.819999694824219,1365900,SNBR
1199,2004-10-12,10.80666732788086,10.813332557678223,10.546667098999023,10.666666984558105,1344450,SNBR
1200,2004-10-13,10.766667366027832,10.819999694824219,10.65999984741211,10.666666984558105,396900,SNBR
1201,2004-10-14,10.666666984558105,10.699999809265137,10.453332901000977,10.566666603088379,587100,SNBR
1202,2004-10-15,10.573332786560059,10.619999885559082,10.333333015441895,10.566666603088379,647550,SNBR
1203,2004-10-18,10.5,10.899999618530273,10.473333358764648,10.706666946411133,576600,SNBR
1204,2004-10-19,10.773332595825195,10.880000114440918,10.653332710266113,10.666666984558105,573900,SNBR
1205,2004-10-20,10.58666706085205,10.986666679382324,10.506667137145996,10.74666690826416,1398600,SNBR
1206,2004-10-21,10.833333015441895,10.993332862854004,10.666666984558105,10.986666679382324,558300,SNBR
1207,2004-10-22,10.873332977294922,11.153332710266113,10.873332977294922,11.0,392550,SNBR
1208,2004-10-25,10.833333015441895,10.9399995803833,10.69333267211914,10.819999694824219,544200,SNBR
1209,2004-10-26,10.859999656677246,11.140000343322754,10.666666984558105,11.106666564941406,255450,SNBR
1210,2004-10-27,11.026666641235352,11.4399995803833,11.026666641235352,11.420000076293945,369300,SNBR
1211,2004-10-28,11.479999542236328,11.479999542236328,11.273332595825195,11.399999618530273,334500,SNBR
1212,2004-10-29,11.273332595825195,11.473333358764648,11.213333129882812,11.41333293914795,194400,SNBR
1213,2004-11-01,11.286666870117188,11.666666984558105,11.286666870117188,11.626667022705078,311700,SNBR
1214,2004-11-02,11.69333267211914,12.0600004196167,11.600000381469727,12.0,799050,SNBR
1215,2004-11-03,12.166666984558105,12.5,12.09333324432373,12.466667175292969,1528050,SNBR
1216,2004-11-04,12.473333358764648,12.966667175292969,12.266667366027832,12.953332901000977,1231500,SNBR
1217,2004-11-05,13.033332824707031,13.619999885559082,12.946666717529297,13.266667366027832,1427250,SNBR
1218,2004-11-08,13.266667366027832,13.266667366027832,12.90666675567627,13.140000343322754,641850,SNBR
1219,2004-11-09,13.09333324432373,13.333333015441895,12.9399995803833,13.266667366027832,697350,SNBR
1220,2004-11-10,13.279999732971191,13.333333015441895,13.133333206176758,13.266667366027832,404850,SNBR
1221,2004-11-11,13.333333015441895,13.426667213439941,13.19333267211914,13.313332557678223,446250,SNBR
1222,2004-11-12,13.353333473205566,13.733332633972168,13.30666732788086,13.699999809265137,956850,SNBR
1223,2004-11-15,13.726667404174805,13.800000190734863,13.573332786560059,13.760000228881836,471750,SNBR
1224,2004-11-16,13.75333309173584,13.75333309173584,13.333333015441895,13.359999656677246,329550,SNBR
1225,2004-11-17,13.333333015441895,13.75333309173584,13.166666984558105,13.393333435058594,821550,SNBR
1226,2004-11-18,13.420000076293945,13.420000076293945,13.226667404174805,13.24666690826416,363600,SNBR
1227,2004-11-19,13.180000305175781,13.286666870117188,12.739999771118164,12.846667289733887,637050,SNBR
1228,2004-11-22,12.739999771118164,12.853333473205566,12.533332824707031,12.680000305175781,852750,SNBR
1229,2004-11-23,12.633333206176758,13.039999961853027,12.579999923706055,13.0,356100,SNBR
1230,2004-11-24,12.933333396911621,13.266667366027832,12.933333396911621,13.173333168029785,180900,SNBR
1231,2004-11-26,13.266667366027832,13.30666732788086,13.15999984741211,13.180000305175781,63600,SNBR
1232,2004-11-29,13.166666984558105,13.333333015441895,12.90666675567627,13.180000305175781,313800,SNBR
1233,2004-11-30,13.066666603088379,13.40666675567627,12.91333293914795,12.993332862854004,524850,SNBR
1234,2004-12-01,12.953332901000977,13.326666831970215,12.9399995803833,13.206666946411133,586650,SNBR
1235,2004-12-02,13.140000343322754,13.319999694824219,13.0600004196167,13.213333129882812,444600,SNBR
1236,2004-12-03,11.426667213439941,11.553333282470703,10.300000190734863,10.346667289733887,8884350,SNBR
1237,2004-12-06,10.533332824707031,10.600000381469727,10.026666641235352,10.180000305175781,2930550,SNBR
1238,2004-12-07,10.180000305175781,10.24666690826416,9.833333015441895,9.899999618530273,1879950,SNBR
1239,2004-12-08,10.033332824707031,10.433333396911621,9.90666675567627,10.380000114440918,1705650,SNBR
1240,2004-12-09,10.366666793823242,10.666666984558105,10.166666984558105,10.566666603088379,1044300,SNBR
1241,2004-12-10,10.58666706085205,10.739999771118164,10.466667175292969,10.600000381469727,1622100,SNBR
1242,2004-12-13,10.606666564941406,10.813332557678223,10.546667098999023,10.766667366027832,789150,SNBR
1243,2004-12-14,10.733332633972168,10.893333435058594,10.673333168029785,10.866666793823242,679200,SNBR
1244,2004-12-15,10.866666793823242,11.146666526794434,10.80666732788086,11.140000343322754,1113450,SNBR
1245,2004-12-16,11.166666984558105,11.466667175292969,11.106666564941406,11.293333053588867,822150,SNBR
1246,2004-12-17,11.40666675567627,11.40666675567627,11.186667442321777,11.233332633972168,691650,SNBR
1247,2004-12-20,11.233332633972168,11.4399995803833,11.106666564941406,11.173333168029785,620700,SNBR
1248,2004-12-21,11.333333015441895,11.606666564941406,11.119999885559082,11.600000381469727,1205100,SNBR
1249,2004-12-22,11.633333206176758,12.026666641235352,11.4399995803833,11.880000114440918,968550,SNBR
1250,2004-12-23,11.979999542236328,12.026666641235352,11.293333053588867,11.613332748413086,1182600,SNBR
1251,2004-12-27,11.366666793823242,11.673333168029785,11.359999656677246,11.566666603088379,1199550,SNBR
1252,2004-12-28,11.393333435058594,11.946666717529297,11.333333015441895,11.84000015258789,733800,SNBR
1253,2004-12-29,11.74666690826416,11.966667175292969,11.739999771118164,11.90666675567627,265500,SNBR
1254,2004-12-30,11.826666831970215,11.979999542236328,11.826666831970215,11.946666717529297,534150,SNBR
1255,2004-12-31,11.899999618530273,12.09333324432373,11.826666831970215,11.960000038146973,407550,SNBR
1256,2005-01-03,11.866666793823242,11.933333396911621,11.600000381469727,11.760000228881836,684600,SNBR
1257,2005-01-04,11.833333015441895,11.833333015441895,11.279999732971191,11.433333396911621,1009950,SNBR
1258,2005-01-05,11.333333015441895,11.433333396911621,11.0600004196167,11.260000228881836,1135800,SNBR
1259,2005-01-06,11.266667366027832,11.513333320617676,11.233332633972168,11.319999694824219,512550,SNBR
1260,2005-01-07,11.486666679382324,11.533332824707031,11.146666526794434,11.333333015441895,632250,SNBR
1261,2005-01-10,11.41333293914795,11.493332862854004,11.199999809265137,11.433333396911621,687750,SNBR
1262,2005-01-11,12.953332901000977,13.426667213439941,12.573332786560059,12.640000343322754,4725600,SNBR
1263,2005-01-12,12.5600004196167,13.166666984558105,12.220000267028809,13.153332710266113,915450,SNBR
1264,2005-01-13,13.153332710266113,13.166666984558105,12.600000381469727,12.773332595825195,831000,SNBR
1265,2005-01-14,12.966667175292969,13.100000381469727,12.739999771118164,13.0,618450,SNBR
1266,2005-01-18,12.979999542236328,13.08666706085205,12.706666946411133,12.933333396911621,495000,SNBR
1267,2005-01-19,12.993332862854004,13.213333129882812,12.733332633972168,12.833333015441895,579450,SNBR
1268,2005-01-20,12.686667442321777,12.826666831970215,12.5,12.566666603088379,799200,SNBR
1269,2005-01-21,12.466667175292969,13.020000457763672,12.333333015441895,12.706666946411133,960300,SNBR
1270,2005-01-24,12.666666984558105,12.993332862854004,12.30666732788086,12.460000038146973,515550,SNBR
1271,2005-01-25,12.420000076293945,12.80666732788086,12.399999618530273,12.5,393900,SNBR
1272,2005-01-26,12.533332824707031,12.833333015441895,12.5,12.773332595825195,378600,SNBR
1273,2005-01-27,12.90666675567627,13.066666603088379,12.666666984558105,12.979999542236328,343350,SNBR
1274,2005-01-28,13.026666641235352,13.026666641235352,12.566666603088379,12.766667366027832,307800,SNBR
1275,2005-01-31,12.899999618530273,13.046667098999023,12.766667366027832,13.046667098999023,259950,SNBR
1276,2005-02-01,12.920000076293945,13.739999771118164,12.920000076293945,13.673333168029785,1031850,SNBR
1277,2005-02-02,13.646666526794434,13.800000190734863,13.353333473205566,13.466667175292969,552450,SNBR
1278,2005-02-03,13.333333015441895,13.453332901000977,12.973333358764648,13.313332557678223,952500,SNBR
1279,2005-02-04,13.046667098999023,13.733332633972168,13.046667098999023,13.713333129882812,733650,SNBR
1280,2005-02-07,13.633333206176758,13.979999542236328,13.239999771118164,13.566666603088379,861900,SNBR
1281,2005-02-08,13.473333358764648,13.833333015441895,13.393333435058594,13.74666690826416,494400,SNBR
1282,2005-02-09,13.9399995803833,14.526666641235352,12.30666732788086,13.260000228881836,3009150,SNBR
1283,2005-02-10,13.220000267028809,14.053333282470703,13.213333129882812,13.886667251586914,1278000,SNBR
1284,2005-02-11,13.993332862854004,14.0,13.766667366027832,13.953332901000977,488850,SNBR
1285,2005-02-14,13.866666793823242,14.0,13.800000190734863,13.993332862854004,414300,SNBR
1286,2005-02-15,14.0,14.0,13.866666793823242,13.993332862854004,403350,SNBR
1287,2005-02-16,13.933333396911621,14.100000381469727,13.166666984558105,14.0,962100,SNBR
1288,2005-02-17,14.140000343322754,14.206666946411133,13.40666675567627,13.433333396911621,863100,SNBR
1289,2005-02-18,13.5,13.520000457763672,13.233332633972168,13.373332977294922,666900,SNBR
1290,2005-02-22,13.333333015441895,13.399999618530273,13.133333206176758,13.166666984558105,451350,SNBR
1291,2005-02-23,13.30666732788086,13.460000038146973,13.233332633972168,13.30666732788086,437550,SNBR
1292,2005-02-24,13.353333473205566,13.733332633972168,13.25333309173584,13.713333129882812,412500,SNBR
1293,2005-02-25,13.666666984558105,13.760000228881836,13.4399995803833,13.713333129882812,251100,SNBR
1294,2005-02-28,13.75333309173584,13.893333435058594,13.493332862854004,13.786666870117188,359700,SNBR
1295,2005-03-01,13.80666732788086,14.153332710266113,13.686667442321777,14.046667098999023,942300,SNBR
1296,2005-03-02,14.153332710266113,14.720000267028809,14.0,14.34000015258789,945300,SNBR
1297,2005-03-03,14.539999961853027,14.59333324432373,14.08666706085205,14.25333309173584,334950,SNBR
1298,2005-03-04,14.366666793823242,14.520000457763672,14.173333168029785,14.373332977294922,289650,SNBR
1299,2005-03-07,14.346667289733887,14.666666984558105,14.079999923706055,14.119999885559082,265650,SNBR
1300,2005-03-08,14.100000381469727,14.166666984558105,13.9399995803833,14.0,469200,SNBR
1301,2005-03-09,14.153332710266113,14.153332710266113,13.74666690826416,13.74666690826416,532050,SNBR
1302,2005-03-10,13.933333396911621,14.960000038146973,13.933333396911621,14.613332748413086,1667250,SNBR
1303,2005-03-11,14.613332748413086,15.166666984558105,14.533332824707031,14.5600004196167,1007550,SNBR
1304,2005-03-14,14.493332862854004,14.733332633972168,14.493332862854004,14.606666564941406,375150,SNBR
1305,2005-03-15,14.666666984558105,14.699999809265137,14.15999984741211,14.166666984558105,499350,SNBR
1306,2005-03-16,14.140000343322754,14.513333320617676,14.133333206176758,14.40666675567627,441000,SNBR
1307,2005-03-17,14.466667175292969,14.673333168029785,14.293333053588867,14.460000038146973,465300,SNBR
1308,2005-03-18,14.453332901000977,14.520000457763672,14.133333206176758,14.433333396911621,688200,SNBR
1309,2005-03-21,14.293333053588867,14.553333282470703,14.213333129882812,14.5,313650,SNBR
1310,2005-03-22,14.5600004196167,14.819999694824219,14.466667175292969,14.513333320617676,419850,SNBR
1311,2005-03-23,14.513333320617676,14.579999923706055,14.15999984741211,14.186667442321777,707700,SNBR
1312,2005-03-24,14.19333267211914,14.40666675567627,14.09333324432373,14.09333324432373,288150,SNBR
1313,2005-03-28,14.19333267211914,14.30666732788086,13.866666793823242,13.91333293914795,428550,SNBR
1314,2005-03-29,13.979999542236328,13.979999542236328,13.260000228881836,13.30666732788086,794250,SNBR
1315,2005-03-30,13.333333015441895,13.833333015441895,13.273332595825195,13.793333053588867,690900,SNBR
1316,2005-03-31,13.800000190734863,13.813332557678223,13.453332901000977,13.626667022705078,516150,SNBR
1317,2005-04-01,13.626667022705078,13.953332901000977,13.226667404174805,13.333333015441895,476550,SNBR
1318,2005-04-04,13.313332557678223,13.853333473205566,13.226667404174805,13.713333129882812,371400,SNBR
1319,2005-04-05,13.74666690826416,14.0,13.726667404174805,13.766667366027832,288900,SNBR
1320,2005-04-06,13.853333473205566,14.0,13.58666706085205,13.626667022705078,306600,SNBR
1321,2005-04-07,13.673333168029785,13.69333267211914,13.433333396911621,13.513333320617676,457050,SNBR
1322,2005-04-08,13.533332824707031,13.533332824707031,13.0,13.173333168029785,678900,SNBR
1323,2005-04-11,13.199999809265137,13.266667366027832,12.69333267211914,12.760000228881836,634800,SNBR
1324,2005-04-12,12.833333015441895,12.859999656677246,12.466667175292969,12.726667404174805,775800,SNBR
1325,2005-04-13,12.673333168029785,12.766667366027832,12.359999656677246,12.40666675567627,929850,SNBR
1326,2005-04-14,12.513333320617676,12.566666603088379,12.119999885559082,12.466667175292969,772200,SNBR
1327,2005-04-15,12.533332824707031,12.566666603088379,12.226667404174805,12.226667404174805,662550,SNBR
1328,2005-04-18,12.25333309173584,12.899999618530273,12.226667404174805,12.686667442321777,542400,SNBR
1329,2005-04-19,12.726667404174805,12.966667175292969,12.666666984558105,12.966667175292969,328650,SNBR
1330,2005-04-20,13.0,13.100000381469727,12.4399995803833,12.5,541200,SNBR
1331,2005-04-21,12.579999923706055,13.039999961853027,12.566666603088379,13.013333320617676,477900,SNBR
1332,2005-04-22,13.046667098999023,13.046667098999023,12.426667213439941,12.65999984741211,414000,SNBR
1333,2005-04-25,12.800000190734863,13.30666732788086,12.733332633972168,13.206666946411133,622800,SNBR
1334,2005-04-26,13.106666564941406,13.673333168029785,12.986666679382324,13.220000267028809,830850,SNBR
1335,2005-04-27,14.666666984558105,15.486666679382324,14.166666984558105,15.15999984741211,3058200,SNBR
1336,2005-04-28,15.0,15.393333435058594,14.979999542236328,15.100000381469727,1248000,SNBR
1337,2005-04-29,15.106666564941406,15.260000228881836,14.600000381469727,14.74666690826416,831150,SNBR
1338,2005-05-02,14.666666984558105,15.493332862854004,14.666666984558105,15.333333015441895,934500,SNBR
1339,2005-05-03,15.300000190734863,15.366666793823242,14.920000076293945,15.020000457763672,635400,SNBR
1340,2005-05-04,15.066666603088379,15.266667366027832,14.880000114440918,15.066666603088379,741600,SNBR
1341,2005-05-05,15.066666603088379,15.220000267028809,14.779999732971191,14.859999656677246,798750,SNBR
1342,2005-05-06,14.926667213439941,15.220000267028809,14.853333473205566,15.133333206176758,434100,SNBR
1343,2005-05-09,15.08666706085205,15.373332977294922,15.046667098999023,15.366666793823242,491550,SNBR
1344,2005-05-10,15.113332748413086,15.266667366027832,14.84000015258789,14.866666793823242,327300,SNBR
1345,2005-05-11,14.966667175292969,15.30666732788086,14.699999809265137,15.206666946411133,332250,SNBR
1346,2005-05-12,15.026666641235352,15.266667366027832,14.526666641235352,14.666666984558105,526050,SNBR
1347,2005-05-13,14.65999984741211,14.733332633972168,14.319999694824219,14.479999542236328,299700,SNBR
1348,2005-05-16,14.473333358764648,15.033332824707031,14.460000038146973,15.033332824707031,264150,SNBR
1349,2005-05-17,14.920000076293945,15.260000228881836,14.866666793823242,15.24666690826416,356550,SNBR
1350,2005-05-18,15.319999694824219,16.046667098999023,15.239999771118164,15.786666870117188,1075200,SNBR
1351,2005-05-19,15.846667289733887,16.00666618347168,15.69333267211914,15.826666831970215,283500,SNBR
1352,2005-05-20,15.813332557678223,16.15999984741211,15.640000343322754,16.15999984741211,415800,SNBR
1353,2005-05-23,16.106666564941406,16.233333587646484,15.960000038146973,15.979999542236328,551550,SNBR
1354,2005-05-24,15.979999542236328,16.113332748413086,15.893333435058594,15.920000076293945,331350,SNBR
1355,2005-05-25,15.899999618530273,16.166667938232422,15.899999618530273,16.02666664123535,666000,SNBR
1356,2005-05-26,16.0,16.266666412353516,15.979999542236328,16.206666946411133,454050,SNBR
1357,2005-05-27,16.30666732788086,16.333332061767578,16.113332748413086,16.333332061767578,374250,SNBR
1358,2005-05-31,16.266666412353516,16.48666763305664,16.200000762939453,16.200000762939453,811650,SNBR
1359,2005-06-01,16.299999237060547,16.32666778564453,15.819999694824219,16.059999465942383,458700,SNBR
1360,2005-06-02,15.993332862854004,16.233333587646484,15.899999618530273,16.133333206176758,340050,SNBR
1361,2005-06-03,16.01333236694336,16.01333236694336,14.393333435058594,15.079999923706055,1739250,SNBR
1362,2005-06-06,15.026666641235352,15.073332786560059,14.733332633972168,14.859999656677246,955650,SNBR
1363,2005-06-07,14.853333473205566,14.953332901000977,14.553333282470703,14.566666603088379,656250,SNBR
1364,2005-06-08,14.666666984558105,14.733332633972168,14.013333320617676,14.073332786560059,695100,SNBR
1365,2005-06-09,14.19333267211914,14.699999809265137,14.0,14.579999923706055,1025400,SNBR
1366,2005-06-10,14.653332710266113,14.733332633972168,14.460000038146973,14.613332748413086,591600,SNBR
1367,2005-06-13,14.600000381469727,14.826666831970215,14.506667137145996,14.786666870117188,646200,SNBR
1368,2005-06-14,14.886667251586914,14.986666679382324,14.600000381469727,14.986666679382324,525750,SNBR
1369,2005-06-15,14.766667366027832,14.80666732788086,14.34000015258789,14.426667213439941,655800,SNBR
1370,2005-06-16,14.426667213439941,14.58666706085205,14.100000381469727,14.266667366027832,633300,SNBR
1371,2005-06-17,14.373332977294922,14.399999618530273,13.673333168029785,13.9399995803833,987600,SNBR
1372,2005-06-20,13.9399995803833,14.073332786560059,13.813332557678223,13.91333293914795,698400,SNBR
1373,2005-06-21,13.926667213439941,14.319999694824219,13.866666793823242,14.239999771118164,510750,SNBR
1374,2005-06-22,14.260000228881836,14.346667289733887,14.119999885559082,14.326666831970215,686700,SNBR
1375,2005-06-23,14.279999732971191,14.34000015258789,14.073332786560059,14.146666526794434,436500,SNBR
1376,2005-06-24,14.146666526794434,14.146666526794434,13.826666831970215,14.013333320617676,635250,SNBR
1377,2005-06-27,14.0,14.24666690826416,13.90666675567627,14.100000381469727,340950,SNBR
1378,2005-06-28,14.239999771118164,14.673333168029785,14.199999809265137,14.453332901000977,455250,SNBR
1379,2005-06-29,14.466667175292969,14.600000381469727,14.319999694824219,14.546667098999023,234150,SNBR
1380,2005-06-30,14.69333267211914,14.760000228881836,14.24666690826416,14.286666870117188,318600,SNBR
1381,2005-07-01,14.326666831970215,14.333333015441895,13.986666679382324,14.146666526794434,565200,SNBR
1382,2005-07-05,14.113332748413086,14.526666641235352,14.113332748413086,14.4399995803833,358500,SNBR
1383,2005-07-06,14.426667213439941,14.493332862854004,14.213333129882812,14.373332977294922,194100,SNBR
1384,2005-07-07,14.286666870117188,14.313332557678223,13.833333015441895,14.133333206176758,456000,SNBR
1385,2005-07-08,14.013333320617676,14.326666831970215,14.013333320617676,14.133333206176758,476850,SNBR
1386,2005-07-11,14.15999984741211,14.646666526794434,14.133333206176758,14.566666603088379,474300,SNBR
1387,2005-07-12,14.566666603088379,14.699999809265137,14.300000190734863,14.526666641235352,248700,SNBR
1388,2005-07-13,14.4399995803833,14.813332557678223,14.399999618530273,14.653332710266113,257700,SNBR
1389,2005-07-14,14.75333309173584,14.813332557678223,14.479999542236328,14.539999961853027,257400,SNBR
1390,2005-07-15,14.373332977294922,14.673333168029785,14.359999656677246,14.553333282470703,139950,SNBR
1391,2005-07-18,14.506667137145996,14.653332710266113,14.493332862854004,14.539999961853027,230850,SNBR
1392,2005-07-19,14.506667137145996,14.699999809265137,14.5,14.646666526794434,348000,SNBR
1393,2005-07-20,14.58666706085205,15.039999961853027,14.533332824707031,15.026666641235352,403500,SNBR
1394,2005-07-21,15.039999961853027,15.039999961853027,14.353333473205566,14.353333473205566,280950,SNBR
1395,2005-07-22,14.266667366027832,14.266667366027832,13.0600004196167,13.666666984558105,1252950,SNBR
1396,2005-07-25,13.600000381469727,13.733332633972168,13.333333015441895,13.333333015441895,889200,SNBR
1397,2005-07-26,13.24666690826416,13.279999732971191,12.766667366027832,12.779999732971191,1859550,SNBR
1398,2005-07-27,14.713333129882812,14.786666870117188,13.646666526794434,13.779999732971191,3869100,SNBR
1399,2005-07-28,13.946666717529297,14.526666641235352,13.933333396911621,14.319999694824219,1216500,SNBR
1400,2005-07-29,14.313332557678223,14.333333015441895,13.953332901000977,14.206666946411133,568350,SNBR
1401,2005-08-01,14.24666690826416,14.493332862854004,14.166666984558105,14.34000015258789,594300,SNBR
1402,2005-08-02,14.34000015258789,14.520000457763672,14.239999771118164,14.493332862854004,448650,SNBR
1403,2005-08-03,14.426667213439941,14.539999961853027,14.279999732971191,14.319999694824219,561750,SNBR
1404,2005-08-04,14.233332633972168,14.233332633972168,13.5,13.69333267211914,712800,SNBR
1405,2005-08-05,13.69333267211914,13.90666675567627,13.566666603088379,13.813332557678223,628350,SNBR
1406,2005-08-08,13.813332557678223,13.893333435058594,13.619999885559082,13.666666984558105,399600,SNBR
1407,2005-08-09,13.666666984558105,13.893333435058594,13.666666984558105,13.733332633972168,383100,SNBR
1408,2005-08-10,13.786666870117188,14.053333282470703,13.506667137145996,13.699999809265137,556800,SNBR
1409,2005-08-11,13.666666984558105,13.880000114440918,13.526666641235352,13.673333168029785,344400,SNBR
1410,2005-08-12,13.613332748413086,13.713333129882812,13.333333015441895,13.493332862854004,461100,SNBR
1411,2005-08-15,13.479999542236328,13.84000015258789,13.426667213439941,13.800000190734863,325800,SNBR
1412,2005-08-16,13.846667289733887,13.853333473205566,13.100000381469727,13.206666946411133,463800,SNBR
1413,2005-08-17,13.173333168029785,13.433333396911621,12.846667289733887,13.333333015441895,497850,SNBR
1414,2005-08-18,13.313332557678223,13.380000114440918,13.039999961853027,13.19333267211914,333600,SNBR
1415,2005-08-19,13.239999771118164,13.319999694824219,13.146666526794434,13.186667442321777,253500,SNBR
1416,2005-08-22,13.220000267028809,13.5600004196167,13.220000267028809,13.539999961853027,530850,SNBR
1417,2005-08-23,13.566666603088379,13.58666706085205,13.113332748413086,13.34000015258789,525300,SNBR
1418,2005-08-24,13.300000190734863,13.680000305175781,13.220000267028809,13.25333309173584,554400,SNBR
1419,2005-08-25,13.24666690826416,13.420000076293945,13.133333206176758,13.213333129882812,375750,SNBR
1420,2005-08-26,13.206666946411133,13.239999771118164,12.58666706085205,12.59333324432373,727950,SNBR
1421,2005-08-29,12.59333324432373,12.666666984558105,12.279999732971191,12.606666564941406,516750,SNBR
1422,2005-08-30,12.680000305175781,12.846667289733887,12.526666641235352,12.619999885559082,443400,SNBR
1423,2005-08-31,12.619999885559082,12.91333293914795,12.359999656677246,12.886667251586914,468600,SNBR
1424,2005-09-01,12.893333435058594,12.933333396911621,12.633333206176758,12.90666675567627,517500,SNBR
1425,2005-09-02,12.9399995803833,12.953332901000977,12.65999984741211,12.699999809265137,259650,SNBR
1426,2005-09-06,12.766667366027832,12.853333473205566,12.666666984558105,12.779999732971191,367200,SNBR
1427,2005-09-07,12.713333129882812,13.066666603088379,12.713333129882812,12.973333358764648,838500,SNBR
1428,2005-09-08,12.979999542236328,12.979999542236328,12.766667366027832,12.853333473205566,401250,SNBR
1429,2005-09-09,12.846667289733887,13.113332748413086,12.84000015258789,13.066666603088379,267450,SNBR
1430,2005-09-12,13.013333320617676,13.333333015441895,12.966667175292969,13.213333129882812,309600,SNBR
1431,2005-09-13,13.24666690826416,13.300000190734863,12.80666732788086,12.866666793823242,420450,SNBR
1432,2005-09-14,13.533332824707031,14.293333053588867,13.453332901000977,13.893333435058594,2948550,SNBR
1433,2005-09-15,13.993332862854004,14.213333129882812,13.74666690826416,14.08666706085205,1009650,SNBR
1434,2005-09-16,14.19333267211914,14.526666641235352,14.140000343322754,14.466667175292969,821100,SNBR
1435,2005-09-19,14.466667175292969,14.533332824707031,13.859999656677246,14.0,926250,SNBR
1436,2005-09-20,13.380000114440918,13.760000228881836,12.739999771118164,12.90666675567627,3222150,SNBR
1437,2005-09-21,13.0,13.113332748413086,12.479999542236328,12.833333015441895,1890150,SNBR
1438,2005-09-22,12.786666870117188,13.006667137145996,12.706666946411133,12.826666831970215,925650,SNBR
1439,2005-09-23,12.866666793823242,13.40666675567627,12.833333015441895,13.34000015258789,718350,SNBR
1440,2005-09-26,13.373332977294922,13.646666526794434,13.266667366027832,13.466667175292969,415050,SNBR
1441,2005-09-27,13.373332977294922,13.506667137145996,13.013333320617676,13.366666793823242,438600,SNBR
1442,2005-09-28,13.346667289733887,13.566666603088379,13.346667289733887,13.40666675567627,349350,SNBR
1443,2005-09-29,13.4399995803833,13.4399995803833,13.100000381469727,13.34000015258789,324450,SNBR
1444,2005-09-30,13.333333015441895,13.386667251586914,13.166666984558105,13.319999694824219,447150,SNBR
1445,2005-10-03,13.333333015441895,13.600000381469727,13.239999771118164,13.326666831970215,377550,SNBR
1446,2005-10-04,13.333333015441895,13.493332862854004,13.239999771118164,13.266667366027832,453150,SNBR
1447,2005-10-05,13.0,13.066666603088379,12.133333206176758,12.433333396911621,2143950,SNBR
1448,2005-10-06,12.5600004196167,12.666666984558105,12.026666641235352,12.286666870117188,853350,SNBR
1449,2005-10-07,12.373332977294922,12.59333324432373,12.213333129882812,12.386667251586914,358500,SNBR
1450,2005-10-10,12.466667175292969,12.673333168029785,12.333333015441895,12.333333015441895,842250,SNBR
1451,2005-10-11,12.546667098999023,12.666666984558105,12.313332557678223,12.373332977294922,1248750,SNBR
1452,2005-10-12,12.386667251586914,12.420000076293945,11.546667098999023,11.90666675567627,808800,SNBR
1453,2005-10-13,11.966667175292969,11.993332862854004,11.606666564941406,11.84000015258789,448800,SNBR
1454,2005-10-14,11.853333473205566,12.266667366027832,11.733332633972168,12.15999984741211,381000,SNBR
1455,2005-10-17,12.273332595825195,12.279999732971191,11.846667289733887,12.186667442321777,669150,SNBR
1456,2005-10-18,12.0600004196167,12.133333206176758,11.793333053588867,12.106666564941406,541050,SNBR
1457,2005-10-19,12.199999809265137,13.0,12.199999809265137,12.993332862854004,1871700,SNBR
1458,2005-10-20,13.033332824707031,13.206666946411133,12.513333320617676,12.666666984558105,767100,SNBR
1459,2005-10-21,12.666666984558105,13.206666946411133,12.666666984558105,13.079999923706055,706500,SNBR
1460,2005-10-24,13.100000381469727,13.539999961853027,13.100000381469727,13.319999694824219,483300,SNBR
1461,2005-10-25,13.380000114440918,13.486666679382324,13.260000228881836,13.386667251586914,865200,SNBR
1462,2005-10-26,14.606666564941406,14.966667175292969,14.260000228881836,14.826666831970215,3068700,SNBR
1463,2005-10-27,14.673333168029785,14.766667366027832,14.313332557678223,14.333333015441895,953550,SNBR
1464,2005-10-28,14.333333015441895,14.666666984558105,14.260000228881836,14.41333293914795,829800,SNBR
1465,2005-10-31,14.346667289733887,14.706666946411133,14.346667289733887,14.600000381469727,623550,SNBR
1466,2005-11-01,14.619999885559082,14.766667366027832,14.433333396911621,14.653332710266113,502050,SNBR
1467,2005-11-02,14.65999984741211,14.993332862854004,14.606666564941406,14.800000190734863,898350,SNBR
1468,2005-11-03,14.953332901000977,15.180000305175781,14.699999809265137,14.833333015441895,803400,SNBR
1469,2005-11-04,14.686667442321777,15.0,14.466667175292969,14.973333358764648,712050,SNBR
1470,2005-11-07,14.933333396911621,15.220000267028809,14.786666870117188,15.020000457763672,538200,SNBR
1471,2005-11-08,14.926667213439941,14.946666717529297,14.5600004196167,14.653332710266113,513000,SNBR
1472,2005-11-09,14.59333324432373,14.91333293914795,14.573332786560059,14.84000015258789,493800,SNBR
1473,2005-11-10,14.760000228881836,15.173333168029785,14.65999984741211,15.066666603088379,761700,SNBR
1474,2005-11-11,15.020000457763672,15.199999809265137,14.613332748413086,14.726667404174805,461850,SNBR
1475,2005-11-14,14.699999809265137,14.966667175292969,14.65999984741211,14.90666675567627,537000,SNBR
1476,2005-11-15,14.819999694824219,15.373332977294922,14.633333206176758,14.886667251586914,962550,SNBR
1477,2005-11-16,15.0,15.0,14.506667137145996,14.74666690826416,397800,SNBR
1478,2005-11-17,14.733332633972168,14.993332862854004,14.69333267211914,14.920000076293945,276600,SNBR
1479,2005-11-18,15.066666603088379,15.08666706085205,14.613332748413086,14.800000190734863,411900,SNBR
1480,2005-11-21,14.69333267211914,14.973333358764648,14.673333168029785,14.920000076293945,354300,SNBR
1481,2005-11-22,14.859999656677246,15.233332633972168,14.706666946411133,15.140000343322754,439200,SNBR
1482,2005-11-23,15.173333168029785,15.65999984741211,14.90666675567627,15.433333396911621,773850,SNBR
1483,2005-11-25,15.533332824707031,15.58666706085205,15.399999618530273,15.479999542236328,213450,SNBR
1484,2005-11-28,15.666666984558105,15.686667442321777,15.399999618530273,15.59333324432373,1236750,SNBR
1485,2005-11-29,15.739999771118164,16.1200008392334,15.666666984558105,15.920000076293945,821100,SNBR
1486,2005-11-30,15.979999542236328,16.106666564941406,15.873332977294922,15.979999542236328,503700,SNBR
1487,2005-12-01,16.0,16.579999923706055,15.880000114440918,16.53333282470703,1335000,SNBR
1488,2005-12-02,16.633333206176758,17.226667404174805,16.579999923706055,17.086666107177734,1047600,SNBR
1489,2005-12-05,17.15333366394043,17.333332061767578,16.799999237060547,17.17333221435547,959850,SNBR
1490,2005-12-06,17.126667022705078,17.399999618530273,17.073333740234375,17.226667404174805,607800,SNBR
1491,2005-12-07,17.333332061767578,17.35333251953125,16.700000762939453,16.97333335876465,1191900,SNBR
1492,2005-12-08,16.933332443237305,17.233333587646484,16.886667251586914,17.17333221435547,422400,SNBR
1493,2005-12-09,17.280000686645508,17.833332061767578,17.113332748413086,17.520000457763672,998850,SNBR
1494,2005-12-12,17.65999984741211,18.059999465942383,17.3799991607666,17.64666748046875,762900,SNBR
1495,2005-12-13,17.64666748046875,17.739999771118164,17.280000686645508,17.399999618530273,773550,SNBR
1496,2005-12-14,18.14666748046875,18.233333587646484,17.746667861938477,18.093332290649414,1650300,SNBR
1497,2005-12-15,18.106666564941406,18.626667022705078,18.00666618347168,18.53333282470703,984150,SNBR
1498,2005-12-16,18.639999389648438,19.053333282470703,18.5,18.553333282470703,1866750,SNBR
1499,2005-12-19,18.600000381469727,18.633333206176758,18.266666412353516,18.32666778564453,962700,SNBR
1500,2005-12-20,18.459999084472656,18.459999084472656,18.133333206176758,18.219999313354492,604200,SNBR
1501,2005-12-21,18.299999237060547,18.453332901000977,18.113332748413086,18.260000228881836,542100,SNBR
1502,2005-12-22,18.233333587646484,18.48666763305664,18.133333206176758,18.299999237060547,490350,SNBR
1503,2005-12-23,18.433332443237305,18.886667251586914,18.360000610351562,18.81333351135254,569100,SNBR
1504,2005-12-27,18.893333435058594,19.053333282470703,18.82666778564453,18.926666259765625,602400,SNBR
1505,2005-12-28,18.920000076293945,19.166667938232422,18.626667022705078,19.0,556200,SNBR
1506,2005-12-29,19.0,19.0,18.600000381469727,18.600000381469727,393000,SNBR
1507,2005-12-30,18.64666748046875,18.64666748046875,18.139999389648438,18.233333587646484,465000,SNBR
1508,2006-01-03,18.399999618530273,19.053333282470703,18.266666412353516,18.866666793823242,1620000,SNBR
1509,2006-01-04,19.046667098999023,19.066667556762695,18.520000457763672,18.64666748046875,923400,SNBR
1510,2006-01-05,18.706666946411133,19.593332290649414,18.666667938232422,19.100000381469727,1610850,SNBR
1511,2006-01-06,19.34666633605957,19.34666633605957,18.81333351135254,18.906667709350586,675750,SNBR
1512,2006-01-09,18.953332901000977,19.246667861938477,18.866666793823242,19.02666664123535,1035600,SNBR
1513,2006-01-10,19.03333282470703,19.14666748046875,18.873332977294922,19.073333740234375,625050,SNBR
1514,2006-01-11,19.113332748413086,19.113332748413086,18.219999313354492,18.266666412353516,1222500,SNBR
1515,2006-01-12,18.760000228881836,18.760000228881836,17.906667709350586,18.040000915527344,1165200,SNBR
1516,2006-01-13,18.073333740234375,18.18666648864746,17.733333587646484,17.913333892822266,475950,SNBR
1517,2006-01-17,17.899999618530273,17.899999618530273,17.51333236694336,17.760000228881836,465000,SNBR
1518,2006-01-18,17.666667938232422,18.059999465942383,17.540000915527344,17.833332061767578,392100,SNBR
1519,2006-01-19,17.933332443237305,18.046667098999023,17.799999237060547,17.893333435058594,226650,SNBR
1520,2006-01-20,17.979999542236328,19.166667938232422,17.97333335876465,18.100000381469727,1302900,SNBR
1521,2006-01-23,18.30666732788086,18.406667709350586,17.96666717529297,18.066667556762695,692250,SNBR
1522,2006-01-24,18.113332748413086,18.126667022705078,17.80666732788086,18.0,494250,SNBR
1523,2006-01-25,18.00666618347168,18.066667556762695,17.459999084472656,17.68000030517578,757050,SNBR
1524,2006-01-26,17.899999618530273,18.360000610351562,17.81999969482422,18.34000015258789,701400,SNBR
1525,2006-01-27,18.420000076293945,18.420000076293945,17.84666633605957,17.899999618530273,427200,SNBR
1526,2006-01-30,18.0,18.31999969482422,17.906667709350586,18.266666412353516,469500,SNBR
1527,2006-01-31,18.239999771118164,18.566667556762695,17.81333351135254,18.399999618530273,1693200,SNBR
1528,2006-02-01,20.5,22.31999969482422,20.5,22.126667022705078,8464800,SNBR
1529,2006-02-02,22.106666564941406,22.98666763305664,21.69333267211914,22.553333282470703,3546000,SNBR
1530,2006-02-03,22.666667938232422,23.566667556762695,22.47333335876465,23.19333267211914,1627800,SNBR
1531,2006-02-06,22.866666793823242,23.920000076293945,22.860000610351562,23.873332977294922,1924050,SNBR
1532,2006-02-07,23.633333206176758,24.166667938232422,23.553333282470703,23.84000015258789,1423650,SNBR
1533,2006-02-08,23.84000015258789,24.719999313354492,23.84000015258789,24.479999542236328,1921200,SNBR
1534,2006-02-09,24.559999465942383,24.559999465942383,23.226667404174805,23.286666870117188,1127400,SNBR
1535,2006-02-10,23.166667938232422,23.286666870117188,22.18000030517578,23.200000762939453,1239600,SNBR
1536,2006-02-13,23.239999771118164,23.433332443237305,22.53333282470703,22.726667404174805,592350,SNBR
1537,2006-02-14,22.786666870117188,23.03333282470703,22.573333740234375,22.81333351135254,1375500,SNBR
1538,2006-02-15,22.906667709350586,23.200000762939453,22.573333740234375,22.8799991607666,542250,SNBR
1539,2006-02-16,22.893333435058594,23.64666748046875,22.81333351135254,23.639999389648438,988800,SNBR
1540,2006-02-17,23.626667022705078,23.97333335876465,22.933332443237305,23.51333236694336,680250,SNBR
1541,2006-02-21,23.666667938232422,23.866666793823242,23.18000030517578,23.47333335876465,380400,SNBR
1542,2006-02-22,23.47333335876465,23.84000015258789,23.433332443237305,23.633333206176758,278850,SNBR
1543,2006-02-23,23.559999465942383,24.713333129882812,23.46666717529297,24.213333129882812,1418550,SNBR
1544,2006-02-24,24.260000228881836,24.50666618347168,24.02666664123535,24.206666946411133,712500,SNBR
1545,2006-02-27,24.373332977294922,25.106666564941406,24.266666412353516,24.553333282470703,1044300,SNBR
1546,2006-02-28,24.600000381469727,24.626667022705078,24.17333221435547,24.366666793823242,826500,SNBR
1547,2006-03-01,24.52666664123535,24.633333206176758,24.333332061767578,24.49333381652832,711000,SNBR
1548,2006-03-02,24.52666664123535,24.799999237060547,24.49333381652832,24.53333282470703,873300,SNBR
1549,2006-03-03,24.46666717529297,24.793333053588867,24.02666664123535,24.066667556762695,638550,SNBR
1550,2006-03-06,24.253332138061523,24.413333892822266,23.953332901000977,24.020000457763672,799350,SNBR
1551,2006-03-07,24.040000915527344,24.079999923706055,23.586666107177734,23.81999969482422,968100,SNBR
1552,2006-03-08,23.833332061767578,23.833332061767578,23.079999923706055,23.233333587646484,1456350,SNBR
1553,2006-03-09,23.373332977294922,23.5,23.1200008392334,23.17333221435547,961050,SNBR
1554,2006-03-10,23.200000762939453,23.46666717529297,23.15999984741211,23.433332443237305,865500,SNBR
1555,2006-03-13,23.540000915527344,24.386667251586914,23.5,23.959999084472656,837000,SNBR
1556,2006-03-14,24.01333236694336,24.01333236694336,23.459999084472656,23.833332061767578,507600,SNBR
1557,2006-03-15,23.85333251953125,24.053333282470703,23.733333587646484,23.98666763305664,606600,SNBR
1558,2006-03-16,24.233333587646484,24.593332290649414,24.066667556762695,24.333332061767578,747600,SNBR
1559,2006-03-17,24.393333435058594,24.413333892822266,24.066667556762695,24.34000015258789,804300,SNBR
1560,2006-03-20,24.5,24.873332977294922,24.133333206176758,24.32666778564453,757650,SNBR
1561,2006-03-21,24.03333282470703,24.373332977294922,23.946666717529297,24.03333282470703,521850,SNBR
1562,2006-03-22,24.213333129882812,24.5,24.18000030517578,24.453332901000977,910200,SNBR
1563,2006-03-23,24.520000457763672,26.600000381469727,24.520000457763672,26.040000915527344,3656100,SNBR
1564,2006-03-24,26.059999465942383,26.366666793823242,25.733333587646484,26.18000030517578,892650,SNBR
1565,2006-03-27,26.426666259765625,26.50666618347168,25.873332977294922,26.3799991607666,846450,SNBR
1566,2006-03-28,26.433332443237305,26.5,25.8799991607666,26.32666778564453,845250,SNBR
1567,2006-03-29,26.426666259765625,27.399999618530273,26.299999237060547,27.386667251586914,1297200,SNBR
1568,2006-03-30,27.399999618530273,27.5,25.700000762939453,26.51333236694336,1194900,SNBR
1569,2006-03-31,26.6200008392334,27.0,25.780000686645508,26.366666793823242,688650,SNBR
1570,2006-04-03,26.540000915527344,26.786666870117188,26.286666870117188,26.48666763305664,628500,SNBR
1571,2006-04-04,26.46666717529297,26.753332138061523,26.273332595825195,26.53333282470703,717600,SNBR
1572,2006-04-05,26.666667938232422,27.079999923706055,26.426666259765625,26.96666717529297,649200,SNBR
1573,2006-04-06,27.00666618347168,27.793333053588867,26.746667861938477,27.35333251953125,880800,SNBR
1574,2006-04-07,27.49333381652832,27.613332748413086,26.600000381469727,26.606666564941406,965700,SNBR
1575,2006-04-10,26.739999771118164,27.31999969482422,26.586666107177734,26.68666648864746,673950,SNBR
1576,2006-04-11,26.833332061767578,26.833332061767578,25.773332595825195,25.866666793823242,705900,SNBR
1577,2006-04-12,25.959999084472656,26.46666717529297,25.82666778564453,26.46666717529297,362250,SNBR
1578,2006-04-13,26.53333282470703,26.613332748413086,26.100000381469727,26.233333587646484,387000,SNBR
1579,2006-04-17,25.866666793823242,25.97333335876465,24.606666564941406,25.333332061767578,3147600,SNBR
1580,2006-04-18,25.266666412353516,26.03333282470703,25.226667404174805,25.893333435058594,981150,SNBR
1581,2006-04-19,26.03333282470703,26.733333587646484,25.940000534057617,26.726667404174805,724800,SNBR
1582,2006-04-20,26.793333053588867,26.799999237060547,26.299999237060547,26.566667556762695,737700,SNBR
1583,2006-04-21,26.64666748046875,27.5,26.459999084472656,27.333332061767578,1511550,SNBR
1584,2006-04-24,28.0,28.520000457763672,27.073333740234375,27.433332443237305,1500300,SNBR
1585,2006-04-25,27.6200008392334,28.266666412353516,27.566667556762695,27.719999313354492,1326900,SNBR
1586,2006-04-26,27.293333053588867,27.399999618530273,26.106666564941406,27.02666664123535,2869050,SNBR
1587,2006-04-27,27.02666664123535,27.32666778564453,26.600000381469727,27.073333740234375,850500,SNBR
1588,2006-04-28,27.133333206176758,27.266666412353516,26.586666107177734,26.639999389648438,883950,SNBR
1589,2006-05-01,26.666667938232422,26.953332901000977,26.5,26.606666564941406,1519800,SNBR
1590,2006-05-02,26.613332748413086,27.133333206176758,26.406667709350586,26.786666870117188,841800,SNBR
1591,2006-05-03,26.906667709350586,27.106666564941406,26.600000381469727,26.99333381652832,661950,SNBR
1592,2006-05-04,27.113332748413086,27.479999542236328,26.913333892822266,27.46666717529297,620100,SNBR
1593,2006-05-05,27.666667938232422,27.666667938232422,26.81999969482422,26.940000534057617,499800,SNBR
1594,2006-05-08,26.940000534057617,26.940000534057617,26.166667938232422,26.280000686645508,1230150,SNBR
1595,2006-05-09,26.399999618530273,26.82666778564453,26.286666870117188,26.67333221435547,1179450,SNBR
1596,2006-05-10,26.733333587646484,27.226667404174805,26.433332443237305,27.059999465942383,966000,SNBR
1597,2006-05-11,27.246667861938477,27.246667861938477,26.49333381652832,26.52666664123535,648000,SNBR
1598,2006-05-12,26.573333740234375,26.573333740234375,23.940000534057617,24.97333335876465,2498400,SNBR
1599,2006-05-15,24.96666717529297,25.586666107177734,24.579999923706055,24.886667251586914,849450,SNBR
1600,2006-05-16,25.18000030517578,25.399999618530273,25.046667098999023,25.093332290649414,1564800,SNBR
1601,2006-05-17,25.02666664123535,25.02666664123535,23.886667251586914,24.17333221435547,1526250,SNBR
1602,2006-05-18,24.280000686645508,24.586666107177734,22.793333053588867,23.079999923706055,1232400,SNBR
1603,2006-05-19,23.15999984741211,23.65999984741211,22.766666412353516,23.333332061767578,985350,SNBR
1604,2006-05-22,23.67333221435547,23.866666793823242,22.46666717529297,23.65333366394043,1624950,SNBR
1605,2006-05-23,23.766666412353516,24.100000381469727,23.32666778564453,23.32666778564453,1006800,SNBR
1606,2006-05-24,23.31999969482422,23.453332901000977,22.5,22.933332443237305,1071450,SNBR
1607,2006-05-25,23.260000228881836,23.333332061767578,22.766666412353516,23.093332290649414,816600,SNBR
1608,2006-05-26,23.166667938232422,23.18000030517578,22.866666793823242,23.073333740234375,499500,SNBR
1609,2006-05-30,23.02666664123535,23.49333381652832,22.040000915527344,22.15333366394043,1046400,SNBR
1610,2006-05-31,22.18000030517578,22.34000015258789,21.606666564941406,21.84000015258789,1140450,SNBR
1611,2006-06-01,21.84000015258789,22.32666778564453,21.666667938232422,22.286666870117188,646050,SNBR
1612,2006-06-02,23.333332061767578,24.133333206176758,23.03333282470703,23.31999969482422,1254150,SNBR
1613,2006-06-05,23.066667556762695,23.31999969482422,22.053333282470703,22.233333587646484,1209900,SNBR
1614,2006-06-06,22.333332061767578,23.18000030517578,21.873332977294922,22.933332443237305,2287200,SNBR
1615,2006-06-07,23.02666664123535,24.553333282470703,22.860000610351562,23.30666732788086,2162250,SNBR
1616,2006-06-08,23.17333221435547,23.266666412353516,22.133333206176758,23.00666618347168,1416600,SNBR
1617,2006-06-09,23.549999237060547,23.549999237060547,22.34000015258789,22.360000610351562,815400,SNBR
1618,2006-06-12,22.479999542236328,23.0,21.799999237060547,21.860000610351562,788900,SNBR
1619,2006-06-13,21.65999984741211,22.200000762939453,21.25,21.860000610351562,954000,SNBR
1620,2006-06-14,21.809999465942383,22.459999084472656,21.40999984741211,22.270000457763672,818100,SNBR
1621,2006-06-15,22.3700008392334,22.639999389648438,20.280000686645508,21.25,4313100,SNBR
1622,2006-06-16,21.260000228881836,21.899999618530273,21.170000076293945,21.690000534057617,1874800,SNBR
1623,2006-06-19,21.84000015258789,22.110000610351562,21.6299991607666,21.90999984741211,766300,SNBR
1624,2006-06-20,22.0,22.389999389648438,21.690000534057617,21.84000015258789,968400,SNBR
1625,2006-06-21,21.84000015258789,22.829999923706055,21.600000381469727,22.520000457763672,1072800,SNBR
1626,2006-06-22,22.479999542236328,22.940000534057617,22.40999984741211,22.780000686645508,547400,SNBR
1627,2006-06-23,22.760000228881836,23.020000457763672,22.579999923706055,22.84000015258789,498200,SNBR
1628,2006-06-26,22.959999084472656,23.1299991607666,22.6299991607666,22.690000534057617,683600,SNBR
1629,2006-06-27,22.829999923706055,23.1299991607666,22.25,22.389999389648438,584900,SNBR
1630,2006-06-28,22.5,22.700000762939453,21.799999237060547,22.200000762939453,716800,SNBR
1631,2006-06-29,22.299999237060547,23.239999771118164,22.219999313354492,23.170000076293945,837400,SNBR
1632,2006-06-30,23.350000381469727,23.360000610351562,22.760000228881836,22.969999313354492,811500,SNBR
1633,2006-07-03,23.18000030517578,24.280000686645508,23.010000228881836,23.899999618530273,635300,SNBR
1634,2006-07-05,23.610000610351562,23.770000457763672,22.75,23.190000534057617,637500,SNBR
1635,2006-07-06,23.360000610351562,23.459999084472656,22.670000076293945,23.0,347200,SNBR
1636,2006-07-07,23.0,23.149999618530273,22.1299991607666,22.18000030517578,644300,SNBR
1637,2006-07-10,22.43000030517578,22.43000030517578,21.93000030517578,22.200000762939453,621600,SNBR
1638,2006-07-11,22.020000457763672,22.15999984741211,21.559999465942383,22.0,595600,SNBR
1639,2006-07-12,22.0,22.31999969482422,20.989999771118164,21.010000228881836,1010500,SNBR
1640,2006-07-13,20.899999618530273,20.899999618530273,19.75,20.020000457763672,1913600,SNBR
1641,2006-07-14,19.979999542236328,20.649999618530273,19.93000030517578,20.06999969482422,1381900,SNBR
1642,2006-07-17,20.0,20.110000610351562,19.520000457763672,19.579999923706055,1045100,SNBR
1643,2006-07-18,19.65999984741211,19.690000534057617,18.520000457763672,18.979999542236328,1880900,SNBR
1644,2006-07-19,18.979999542236328,19.979999542236328,18.959999084472656,19.610000610351562,769400,SNBR
1645,2006-07-20,19.729999542236328,19.899999618530273,19.010000228881836,19.010000228881836,1001900,SNBR
1646,2006-07-21,19.040000915527344,19.719999313354492,18.989999771118164,19.639999389648438,1587200,SNBR
1647,2006-07-24,19.68000030517578,20.209999084472656,19.6200008392334,20.100000381469727,994800,SNBR
1648,2006-07-25,20.200000762939453,20.549999237060547,19.84000015258789,20.09000015258789,966500,SNBR
1649,2006-07-26,20.989999771118164,21.3799991607666,20.600000381469727,20.610000610351562,2797600,SNBR
1650,2006-07-27,20.850000381469727,20.899999618530273,19.940000534057617,20.040000915527344,1932700,SNBR
1651,2006-07-28,20.170000076293945,20.520000457763672,20.1299991607666,20.350000381469727,1036500,SNBR
1652,2006-07-31,20.350000381469727,20.5,20.020000457763672,20.149999618530273,755600,SNBR
1653,2006-08-01,20.149999618530273,20.479999542236328,19.389999389648438,19.56999969482422,673500,SNBR
1654,2006-08-02,19.639999389648438,19.809999465942383,19.100000381469727,19.34000015258789,934300,SNBR
1655,2006-08-03,19.209999084472656,19.5,19.059999465942383,19.350000381469727,856200,SNBR
1656,2006-08-04,19.600000381469727,19.639999389648438,18.93000030517578,19.219999313354492,1049800,SNBR
1657,2006-08-07,19.139999389648438,19.649999618530273,19.139999389648438,19.399999618530273,779600,SNBR
1658,2006-08-08,19.5,19.520000457763672,18.5,18.559999465942383,860500,SNBR
1659,2006-08-09,18.809999465942383,18.920000076293945,18.110000610351562,18.260000228881836,738200,SNBR
1660,2006-08-10,18.06999969482422,18.149999618530273,17.360000610351562,17.889999389648438,1708400,SNBR
1661,2006-08-11,17.809999465942383,18.190000534057617,17.690000534057617,18.0,841400,SNBR
1662,2006-08-14,18.190000534057617,18.860000610351562,18.020000457763672,18.459999084472656,973100,SNBR
1663,2006-08-15,18.6200008392334,19.3700008392334,18.6200008392334,19.030000686645508,1088700,SNBR
1664,2006-08-16,19.229999542236328,19.780000686645508,19.1299991607666,19.739999771118164,681900,SNBR
1665,2006-08-17,19.75,19.8799991607666,19.3700008392334,19.43000030517578,725300,SNBR
1666,2006-08-18,19.459999084472656,19.75,19.190000534057617,19.559999465942383,590700,SNBR
1667,2006-08-21,19.3700008392334,19.709999084472656,18.479999542236328,18.850000381469727,1206800,SNBR
1668,2006-08-22,18.729999542236328,19.329999923706055,18.719999313354492,19.25,650400,SNBR
1669,2006-08-23,19.309999465942383,19.75,19.030000686645508,19.15999984741211,569400,SNBR
1670,2006-08-24,19.139999389648438,19.239999771118164,18.950000762939453,18.989999771118164,590500,SNBR
1671,2006-08-25,19.06999969482422,19.520000457763672,18.969999313354492,19.25,535400,SNBR
1672,2006-08-28,19.190000534057617,19.350000381469727,19.100000381469727,19.190000534057617,750100,SNBR
1673,2006-08-29,19.219999313354492,19.389999389648438,19.010000228881836,19.190000534057617,785400,SNBR
1674,2006-08-30,19.010000228881836,19.68000030517578,19.010000228881836,19.34000015258789,967200,SNBR
1675,2006-08-31,19.399999618530273,19.950000762939453,19.280000686645508,19.850000381469727,895300,SNBR
1676,2006-09-01,19.799999237060547,19.93000030517578,19.579999923706055,19.780000686645508,488700,SNBR
1677,2006-09-05,19.979999542236328,20.5,19.889999389648438,20.329999923706055,790600,SNBR
1678,2006-09-06,20.25,20.40999984741211,19.459999084472656,19.489999771118164,710400,SNBR
1679,2006-09-07,19.5,20.360000610351562,19.170000076293945,19.75,726500,SNBR
1680,2006-09-08,19.84000015258789,20.079999923706055,19.719999313354492,19.850000381469727,446200,SNBR
1681,2006-09-11,19.81999969482422,21.389999389648438,19.799999237060547,21.030000686645508,1065900,SNBR
1682,2006-09-12,20.979999542236328,22.600000381469727,20.84000015258789,22.260000228881836,1048200,SNBR
1683,2006-09-13,22.399999618530273,22.65999984741211,22.209999084472656,22.389999389648438,631100,SNBR
1684,2006-09-14,22.530000686645508,22.549999237060547,21.40999984741211,22.149999618530273,1299400,SNBR
1685,2006-09-15,22.40999984741211,22.760000228881836,22.25,22.610000610351562,1049900,SNBR
1686,2006-09-18,22.5,22.690000534057617,22.299999237060547,22.56999969482422,498300,SNBR
1687,2006-09-19,22.56999969482422,22.969999313354492,22.09000015258789,22.6299991607666,646400,SNBR
1688,2006-09-20,22.899999618530273,23.049999237060547,22.530000686645508,22.760000228881836,411900,SNBR
1689,2006-09-21,22.75,23.09000015258789,22.040000915527344,22.200000762939453,486000,SNBR
1690,2006-09-22,22.139999389648438,22.18000030517578,21.770000457763672,22.040000915527344,374700,SNBR
1691,2006-09-25,22.06999969482422,22.989999771118164,21.75,22.81999969482422,491300,SNBR
1692,2006-09-26,22.860000610351562,23.06999969482422,22.459999084472656,22.65999984741211,457900,SNBR
1693,2006-09-27,22.600000381469727,22.770000457763672,22.219999313354492,22.3799991607666,691400,SNBR
1694,2006-09-28,22.389999389648438,22.440000534057617,21.84000015258789,21.899999618530273,518900,SNBR
1695,2006-09-29,22.0,22.09000015258789,21.649999618530273,21.8799991607666,847700,SNBR
1696,2006-10-02,21.780000686645508,22.280000686645508,21.6299991607666,22.1200008392334,781100,SNBR
1697,2006-10-03,22.0,22.139999389648438,21.600000381469727,21.969999313354492,587600,SNBR
1698,2006-10-04,21.989999771118164,22.90999984741211,21.829999923706055,22.899999618530273,555900,SNBR
1699,2006-10-05,23.0,23.0,22.549999237060547,22.940000534057617,482700,SNBR
1700,2006-10-06,22.940000534057617,23.139999389648438,22.600000381469727,22.8799991607666,336300,SNBR
1701,2006-10-09,22.8799991607666,23.93000030517578,22.760000228881836,23.56999969482422,456700,SNBR
1702,2006-10-10,23.610000610351562,25.0,23.610000610351562,24.739999771118164,973100,SNBR
1703,2006-10-11,24.799999237060547,24.799999237060547,24.0,24.479999542236328,518500,SNBR
1704,2006-10-12,24.489999771118164,24.690000534057617,24.25,24.540000915527344,430800,SNBR
1705,2006-10-13,24.530000686645508,24.969999313354492,24.389999389648438,24.940000534057617,406500,SNBR
1706,2006-10-16,24.65999984741211,25.209999084472656,24.389999389648438,25.0,528300,SNBR
1707,2006-10-17,24.780000686645508,24.780000686645508,23.979999542236328,24.1299991607666,779200,SNBR
1708,2006-10-18,24.100000381469727,24.709999084472656,24.0,24.260000228881836,333400,SNBR
1709,2006-10-19,24.260000228881836,24.65999984741211,24.030000686645508,24.190000534057617,428100,SNBR
1710,2006-10-20,24.329999923706055,24.420000076293945,23.770000457763672,24.25,291400,SNBR
1711,2006-10-23,24.239999771118164,24.559999465942383,23.93000030517578,24.31999969482422,307900,SNBR
1712,2006-10-24,24.43000030517578,25.25,24.100000381469727,25.059999465942383,845800,SNBR
1713,2006-10-25,21.760000228881836,22.3799991607666,20.530000686645508,20.770000457763672,4223300,SNBR
1714,2006-10-26,21.010000228881836,21.200000762939453,20.149999618530273,21.030000686645508,2142200,SNBR
1715,2006-10-27,21.260000228881836,21.31999969482422,20.860000610351562,21.020000457763672,1100000,SNBR
1716,2006-10-30,21.139999389648438,21.139999389648438,20.889999389648438,21.010000228881836,852600,SNBR
1717,2006-10-31,21.200000762939453,21.579999923706055,21.040000915527344,21.3799991607666,972400,SNBR
1718,2006-11-01,21.540000915527344,21.559999465942383,20.559999465942383,20.690000534057617,1019700,SNBR
1719,2006-11-02,20.600000381469727,20.770000457763672,20.219999313354492,20.299999237060547,800500,SNBR
1720,2006-11-03,20.399999618530273,20.440000534057617,19.40999984741211,19.649999618530273,1648900,SNBR
1721,2006-11-06,19.799999237060547,20.1299991607666,19.729999542236328,19.969999313354492,1456100,SNBR
1722,2006-11-07,20.100000381469727,20.3700008392334,19.940000534057617,19.979999542236328,998700,SNBR
1723,2006-11-08,19.959999084472656,20.100000381469727,19.84000015258789,19.989999771118164,945400,SNBR
1724,2006-11-09,20.1200008392334,20.170000076293945,19.8700008392334,19.940000534057617,691700,SNBR
1725,2006-11-10,20.0,20.239999771118164,19.950000762939453,20.190000534057617,612200,SNBR
1726,2006-11-13,20.5,20.579999923706055,20.25,20.459999084472656,699300,SNBR
1727,2006-11-14,20.549999237060547,21.239999771118164,20.479999542236328,21.040000915527344,1051900,SNBR
1728,2006-11-15,21.149999618530273,21.950000762939453,21.1200008392334,21.739999771118164,1182600,SNBR
1729,2006-11-16,21.899999618530273,21.959999084472656,21.56999969482422,21.700000762939453,482100,SNBR
1730,2006-11-17,21.700000762939453,21.700000762939453,21.200000762939453,21.309999465942383,733700,SNBR
1731,2006-11-20,21.299999237060547,21.489999771118164,21.030000686645508,21.309999465942383,474200,SNBR
1732,2006-11-21,21.420000076293945,21.709999084472656,21.25,21.690000534057617,481800,SNBR
1733,2006-11-22,21.75,21.809999465942383,21.399999618530273,21.40999984741211,561800,SNBR
1734,2006-11-24,21.600000381469727,21.600000381469727,21.06999969482422,21.3799991607666,313900,SNBR
1735,2006-11-27,21.299999237060547,21.5,20.780000686645508,20.809999465942383,767500,SNBR
1736,2006-11-28,20.81999969482422,20.8700008392334,20.510000228881836,20.610000610351562,591200,SNBR
1737,2006-11-29,20.760000228881836,21.190000534057617,20.75,20.989999771118164,460100,SNBR
1738,2006-11-30,17.25,17.889999389648438,16.829999923706055,17.280000686645508,11033500,SNBR
1739,2006-12-01,17.350000381469727,17.75,17.25,17.559999465942383,2511300,SNBR
1740,2006-12-04,17.670000076293945,18.43000030517578,17.639999389648438,18.200000762939453,2067900,SNBR
1741,2006-12-05,18.239999771118164,18.5,18.0,18.360000610351562,1153800,SNBR
1742,2006-12-06,18.399999618530273,18.489999771118164,17.989999771118164,18.010000228881836,946700,SNBR
1743,2006-12-07,18.139999389648438,18.3700008392334,18.100000381469727,18.1200008392334,879800,SNBR
1744,2006-12-08,18.1200008392334,18.270000457763672,18.09000015258789,18.1299991607666,716300,SNBR
1745,2006-12-11,18.149999618530273,18.299999237060547,18.0,18.049999237060547,1126200,SNBR
1746,2006-12-12,18.020000457763672,18.1200008392334,17.729999542236328,17.889999389648438,1270700,SNBR
1747,2006-12-13,17.950000762939453,17.989999771118164,17.600000381469727,17.670000076293945,896500,SNBR
1748,2006-12-14,17.68000030517578,17.969999313354492,17.56999969482422,17.56999969482422,1093300,SNBR
1749,2006-12-15,17.56999969482422,17.90999984741211,17.489999771118164,17.56999969482422,1310500,SNBR
1750,2006-12-18,17.530000686645508,17.690000534057617,17.100000381469727,17.139999389648438,1386200,SNBR
1751,2006-12-19,17.079999923706055,17.270000457763672,16.989999771118164,17.229999542236328,1173000,SNBR
1752,2006-12-20,17.209999084472656,17.770000457763672,17.200000762939453,17.549999237060547,584700,SNBR
1753,2006-12-21,17.420000076293945,17.780000686645508,17.389999389648438,17.43000030517578,542600,SNBR
1754,2006-12-22,17.43000030517578,17.489999771118164,17.149999618530273,17.229999542236328,459100,SNBR
1755,2006-12-26,17.229999542236328,17.489999771118164,17.219999313354492,17.399999618530273,406900,SNBR
1756,2006-12-27,17.399999618530273,17.549999237060547,17.290000915527344,17.510000228881836,361500,SNBR
1757,2006-12-28,17.450000762939453,17.639999389648438,17.25,17.399999618530273,540400,SNBR
1758,2006-12-29,17.3700008392334,17.829999923706055,17.290000915527344,17.389999389648438,866200,SNBR
1759,2007-01-03,17.309999465942383,17.790000915527344,17.260000228881836,17.510000228881836,939000,SNBR
1760,2007-01-04,17.420000076293945,17.700000762939453,17.200000762939453,17.440000534057617,779400,SNBR
1761,2007-01-05,17.440000534057617,17.709999084472656,17.25,17.309999465942383,611800,SNBR
1762,2007-01-08,17.34000015258789,17.360000610351562,16.770000457763672,16.899999618530273,1671800,SNBR
1763,2007-01-09,16.860000610351562,17.06999969482422,16.799999237060547,16.979999542236328,1195700,SNBR
1764,2007-01-10,16.899999618530273,17.260000228881836,16.899999618530273,17.229999542236328,894900,SNBR
1765,2007-01-11,17.31999969482422,17.790000915527344,17.280000686645508,17.600000381469727,1698500,SNBR
1766,2007-01-12,17.520000457763672,18.110000610351562,17.520000457763672,18.020000457763672,1325500,SNBR
1767,2007-01-16,18.399999618530273,18.40999984741211,18.09000015258789,18.290000915527344,1346400,SNBR
1768,2007-01-17,18.399999618530273,18.399999618530273,18.09000015258789,18.170000076293945,966200,SNBR
1769,2007-01-18,18.260000228881836,18.399999618530273,18.09000015258789,18.100000381469727,900700,SNBR
1770,2007-01-19,18.1200008392334,18.5,18.100000381469727,18.399999618530273,590900,SNBR
1771,2007-01-22,18.469999313354492,18.549999237060547,17.989999771118164,18.1299991607666,628400,SNBR
1772,2007-01-23,18.110000610351562,18.219999313354492,17.760000228881836,17.790000915527344,921700,SNBR
1773,2007-01-24,17.81999969482422,18.3799991607666,17.809999465942383,18.25,845100,SNBR
1774,2007-01-25,18.389999389648438,18.450000762939453,17.709999084472656,17.90999984741211,587700,SNBR
1775,2007-01-26,18.020000457763672,18.209999084472656,17.850000381469727,18.0,544900,SNBR
1776,2007-01-29,17.940000534057617,18.280000686645508,17.940000534057617,18.110000610351562,728200,SNBR
1777,2007-01-30,18.059999465942383,18.25,18.059999465942383,18.1299991607666,540300,SNBR
1778,2007-01-31,18.100000381469727,18.649999618530273,18.059999465942383,18.440000534057617,844000,SNBR
1779,2007-02-01,18.600000381469727,19.549999237060547,18.450000762939453,18.8799991607666,846400,SNBR
1780,2007-02-02,18.969999313354492,19.239999771118164,18.760000228881836,19.010000228881836,603300,SNBR
1781,2007-02-05,19.110000610351562,19.110000610351562,18.559999465942383,18.739999771118164,830300,SNBR
1782,2007-02-06,18.75,18.81999969482422,18.329999923706055,18.670000076293945,812000,SNBR
1783,2007-02-07,18.790000915527344,19.0,18.510000228881836,18.84000015258789,651300,SNBR
1784,2007-02-08,19.299999237060547,20.170000076293945,18.899999618530273,19.059999465942383,2856300,SNBR
1785,2007-02-09,19.030000686645508,19.200000762939453,18.649999618530273,18.670000076293945,1004300,SNBR
1786,2007-02-12,18.700000762939453,18.770000457763672,18.420000076293945,18.65999984741211,787400,SNBR
1787,2007-02-13,18.649999618530273,18.979999542236328,18.6200008392334,18.760000228881836,600800,SNBR
1788,2007-02-14,18.739999771118164,19.459999084472656,18.739999771118164,19.3799991607666,1095600,SNBR
1789,2007-02-15,19.440000534057617,19.8700008392334,19.280000686645508,19.84000015258789,813900,SNBR
1790,2007-02-16,19.899999618530273,20.100000381469727,19.84000015258789,20.049999237060547,1067800,SNBR
1791,2007-02-20,20.0,20.059999465942383,19.719999313354492,19.899999618530273,579300,SNBR
1792,2007-02-21,19.809999465942383,20.049999237060547,19.75,19.90999984741211,502100,SNBR
1793,2007-02-22,19.969999313354492,20.0,19.65999984741211,19.969999313354492,531900,SNBR
1794,2007-02-23,19.959999084472656,19.959999084472656,19.610000610351562,19.799999237060547,550700,SNBR
1795,2007-02-26,19.850000381469727,19.989999771118164,19.700000762939453,19.90999984741211,1004600,SNBR
1796,2007-02-27,19.75,19.760000228881836,18.549999237060547,18.670000076293945,1105200,SNBR
1797,2007-02-28,18.65999984741211,18.860000610351562,18.25,18.530000686645508,1067900,SNBR
1798,2007-03-01,18.229999542236328,19.100000381469727,18.0,18.790000915527344,1261400,SNBR
1799,2007-03-02,18.700000762939453,18.790000915527344,18.209999084472656,18.280000686645508,715900,SNBR
1800,2007-03-05,18.010000228881836,18.510000228881836,17.770000457763672,18.270000457763672,1349900,SNBR
1801,2007-03-06,18.239999771118164,18.450000762939453,18.15999984741211,18.260000228881836,514300,SNBR
1802,2007-03-07,18.170000076293945,18.260000228881836,18.010000228881836,18.059999465942383,778900,SNBR
1803,2007-03-08,18.170000076293945,18.309999465942383,17.860000610351562,18.06999969482422,739200,SNBR
1804,2007-03-09,18.25,18.469999313354492,18.1299991607666,18.440000534057617,685000,SNBR
1805,2007-03-12,18.440000534057617,19.040000915527344,18.399999618530273,18.760000228881836,927600,SNBR
1806,2007-03-13,18.75,18.760000228881836,18.290000915527344,18.3700008392334,1019900,SNBR
1807,2007-03-14,18.309999465942383,18.420000076293945,17.540000915527344,17.899999618530273,1444900,SNBR
1808,2007-03-15,17.75,17.780000686645508,17.25,17.280000686645508,1998600,SNBR
1809,2007-03-16,17.25,17.489999771118164,17.1299991607666,17.360000610351562,1801400,SNBR
1810,2007-03-19,17.5,17.75,17.350000381469727,17.3799991607666,572300,SNBR
1811,2007-03-20,17.40999984741211,17.81999969482422,17.3700008392334,17.790000915527344,461000,SNBR
1812,2007-03-21,17.940000534057617,18.239999771118164,17.729999542236328,18.219999313354492,600200,SNBR
1813,2007-03-22,18.239999771118164,18.299999237060547,17.899999618530273,18.270000457763672,825000,SNBR
1814,2007-03-23,18.209999084472656,18.510000228881836,18.010000228881836,18.469999313354492,528700,SNBR
1815,2007-03-26,18.459999084472656,18.559999465942383,18.09000015258789,18.520000457763672,1602500,SNBR
1816,2007-03-27,18.40999984741211,18.420000076293945,18.09000015258789,18.100000381469727,429800,SNBR
1817,2007-03-28,18.100000381469727,18.420000076293945,18.0,18.329999923706055,742000,SNBR
1818,2007-03-29,18.399999618530273,18.43000030517578,17.719999313354492,17.979999542236328,399600,SNBR
1819,2007-03-30,17.940000534057617,18.170000076293945,17.610000610351562,17.799999237060547,745400,SNBR
1820,2007-04-02,17.950000762939453,18.229999542236328,17.950000762939453,18.219999313354492,588600,SNBR
1821,2007-04-03,18.25,18.360000610351562,18.030000686645508,18.1200008392334,868700,SNBR
1822,2007-04-04,18.1200008392334,18.1200008392334,17.6299991607666,17.65999984741211,852100,SNBR
1823,2007-04-05,17.610000610351562,17.709999084472656,17.600000381469727,17.68000030517578,568500,SNBR
1824,2007-04-09,17.690000534057617,17.719999313354492,17.489999771118164,17.639999389648438,619500,SNBR
1825,2007-04-10,17.559999465942383,17.829999923706055,17.5,17.6299991607666,330000,SNBR
1826,2007-04-11,17.610000610351562,17.739999771118164,17.450000762939453,17.559999465942383,327300,SNBR
1827,2007-04-12,17.469999313354492,17.510000228881836,17.239999771118164,17.40999984741211,481800,SNBR
1828,2007-04-13,17.350000381469727,17.510000228881836,17.280000686645508,17.399999618530273,441200,SNBR
1829,2007-04-16,17.40999984741211,17.6299991607666,17.40999984741211,17.559999465942383,472900,SNBR
1830,2007-04-17,17.5,17.68000030517578,17.420000076293945,17.579999923706055,543700,SNBR
1831,2007-04-18,17.540000915527344,17.75,17.510000228881836,17.6299991607666,577200,SNBR
1832,2007-04-19,17.5,17.719999313354492,17.5,17.600000381469727,460200,SNBR
1833,2007-04-20,17.81999969482422,17.81999969482422,17.559999465942383,17.690000534057617,287100,SNBR
1834,2007-04-23,17.610000610351562,17.670000076293945,17.15999984741211,17.360000610351562,1627200,SNBR
1835,2007-04-24,17.219999313354492,17.979999542236328,17.049999237060547,17.780000686645508,2718500,SNBR
1836,2007-04-25,17.899999618530273,18.600000381469727,17.899999618530273,18.559999465942383,1840600,SNBR
1837,2007-04-26,17.489999771118164,19.030000686645508,17.200000762939453,18.81999969482422,2863500,SNBR
1838,2007-04-27,18.6200008392334,18.729999542236328,18.34000015258789,18.639999389648438,896400,SNBR
1839,2007-04-30,18.520000457763672,18.860000610351562,18.5,18.540000915527344,898200,SNBR
1840,2007-05-01,18.489999771118164,18.59000015258789,18.15999984741211,18.3799991607666,936900,SNBR
1841,2007-05-02,18.270000457763672,18.770000457763672,18.270000457763672,18.690000534057617,534300,SNBR
1842,2007-05-03,18.600000381469727,18.649999618530273,17.889999389648438,18.18000030517578,652000,SNBR
1843,2007-05-04,18.190000534057617,18.190000534057617,17.920000076293945,18.020000457763672,669800,SNBR
1844,2007-05-07,18.059999465942383,18.1299991607666,17.899999618530273,18.010000228881836,696700,SNBR
1845,2007-05-08,17.920000076293945,18.079999923706055,17.850000381469727,18.059999465942383,510700,SNBR
1846,2007-05-09,17.90999984741211,18.440000534057617,17.889999389648438,18.149999618530273,602600,SNBR
1847,2007-05-10,18.100000381469727,18.219999313354492,17.700000762939453,17.729999542236328,597700,SNBR
1848,2007-05-11,17.969999313354492,18.100000381469727,17.760000228881836,18.0,390700,SNBR
1849,2007-05-14,17.940000534057617,18.0,17.540000915527344,17.59000015258789,473400,SNBR
1850,2007-05-15,17.540000915527344,17.850000381469727,17.280000686645508,17.309999465942383,849900,SNBR
1851,2007-05-16,17.360000610351562,17.469999313354492,17.200000762939453,17.25,1017800,SNBR
1852,2007-05-17,17.170000076293945,17.350000381469727,16.950000762939453,16.979999542236328,1378200,SNBR
1853,2007-05-18,17.0,17.190000534057617,16.799999237060547,17.049999237060547,1500200,SNBR
1854,2007-05-21,17.049999237060547,17.670000076293945,17.049999237060547,17.59000015258789,1663100,SNBR
1855,2007-05-22,17.670000076293945,17.920000076293945,17.6200008392334,17.780000686645508,606300,SNBR
1856,2007-05-23,17.770000457763672,17.989999771118164,17.649999618530273,17.68000030517578,723100,SNBR
1857,2007-05-24,17.639999389648438,18.0,17.59000015258789,17.6200008392334,653800,SNBR
1858,2007-05-25,17.600000381469727,17.889999389648438,17.600000381469727,17.760000228881836,334300,SNBR
1859,2007-05-29,17.729999542236328,18.1200008392334,17.729999542236328,17.8799991607666,510300,SNBR
1860,2007-05-30,17.780000686645508,18.049999237060547,17.68000030517578,17.989999771118164,479500,SNBR
1861,2007-05-31,18.0,18.40999984741211,17.989999771118164,18.1200008392334,762900,SNBR
1862,2007-06-01,18.209999084472656,18.489999771118164,17.93000030517578,17.979999542236328,866800,SNBR
1863,2007-06-04,17.920000076293945,18.3799991607666,17.899999618530273,18.299999237060547,750300,SNBR
1864,2007-06-05,18.170000076293945,18.270000457763672,17.8799991607666,17.969999313354492,537000,SNBR
1865,2007-06-06,17.850000381469727,17.93000030517578,17.299999237060547,17.530000686645508,1805900,SNBR
1866,2007-06-07,17.40999984741211,17.59000015258789,17.170000076293945,17.280000686645508,1154300,SNBR
1867,2007-06-08,17.31999969482422,17.760000228881836,17.059999465942383,17.190000534057617,1106600,SNBR
1868,2007-06-11,17.110000610351562,17.219999313354492,16.899999618530273,17.049999237060547,1160600,SNBR
1869,2007-06-12,16.940000534057617,17.149999618530273,16.68000030517578,16.850000381469727,1592100,SNBR
1870,2007-06-13,16.8700008392334,17.09000015258789,16.690000534057617,16.969999313354492,1387700,SNBR
1871,2007-06-14,16.40999984741211,17.18000030517578,16.09000015258789,17.1299991607666,4249900,SNBR
1872,2007-06-15,17.329999923706055,17.329999923706055,16.690000534057617,16.90999984741211,2379600,SNBR
1873,2007-06-18,16.84000015258789,16.93000030517578,16.639999389648438,16.68000030517578,2128100,SNBR
1874,2007-06-19,16.549999237060547,16.549999237060547,16.18000030517578,16.3799991607666,1880200,SNBR
1875,2007-06-20,16.290000915527344,16.399999618530273,15.989999771118164,16.030000686645508,1699700,SNBR
1876,2007-06-21,15.979999542236328,16.299999237060547,15.960000038146973,16.149999618530273,1062200,SNBR
1877,2007-06-22,16.079999923706055,16.190000534057617,15.970000267028809,16.020000457763672,1384700,SNBR
1878,2007-06-25,15.970000267028809,16.200000762939453,15.9399995803833,16.040000915527344,1245700,SNBR
1879,2007-06-26,16.059999465942383,16.149999618530273,15.989999771118164,16.020000457763672,1531200,SNBR
1880,2007-06-27,15.949999809265137,16.350000381469727,15.949999809265137,16.31999969482422,1420600,SNBR
1881,2007-06-28,16.270000457763672,16.5,16.239999771118164,16.399999618530273,1256300,SNBR
1882,2007-06-29,16.389999389648438,16.670000076293945,16.219999313354492,16.219999313354492,920000,SNBR
1883,2007-07-02,16.209999084472656,16.559999465942383,16.200000762939453,16.34000015258789,727800,SNBR
1884,2007-07-03,16.309999465942383,16.579999923706055,16.299999237060547,16.520000457763672,325800,SNBR
1885,2007-07-05,16.440000534057617,16.719999313354492,16.440000534057617,16.6299991607666,685600,SNBR
1886,2007-07-06,16.579999923706055,16.829999923706055,16.489999771118164,16.549999237060547,558100,SNBR
1887,2007-07-09,16.510000228881836,17.0,16.479999542236328,16.8700008392334,895300,SNBR
1888,2007-07-10,16.75,16.770000457763672,16.299999237060547,16.299999237060547,743500,SNBR
1889,2007-07-11,16.270000457763672,16.850000381469727,16.270000457763672,16.780000686645508,1039200,SNBR
1890,2007-07-12,16.8700008392334,17.290000915527344,16.84000015258789,17.059999465942383,993200,SNBR
1891,2007-07-13,16.969999313354492,17.450000762939453,16.920000076293945,17.34000015258789,981900,SNBR
1892,2007-07-16,17.389999389648438,17.6200008392334,17.149999618530273,17.280000686645508,1108800,SNBR
1893,2007-07-17,17.25,17.43000030517578,17.25,17.299999237060547,617900,SNBR
1894,2007-07-18,17.190000534057617,17.350000381469727,16.979999542236328,17.1299991607666,737200,SNBR
1895,2007-07-19,17.139999389648438,17.3799991607666,17.040000915527344,17.200000762939453,631800,SNBR
1896,2007-07-20,17.15999984741211,17.239999771118164,16.860000610351562,17.079999923706055,920100,SNBR
1897,2007-07-23,17.079999923706055,17.239999771118164,16.920000076293945,16.940000534057617,703900,SNBR
1898,2007-07-24,16.690000534057617,16.90999984741211,16.260000228881836,16.299999237060547,652000,SNBR
1899,2007-07-25,16.399999618530273,16.709999084472656,16.079999923706055,16.219999313354492,1176000,SNBR
1900,2007-07-26,16.239999771118164,17.360000610351562,16.209999084472656,16.989999771118164,3075200,SNBR
1901,2007-07-27,16.8799991607666,17.049999237060547,15.850000381469727,15.930000305175781,2401100,SNBR
1902,2007-07-30,15.890000343322754,16.5,15.84000015258789,16.1200008392334,1805100,SNBR
1903,2007-07-31,16.149999618530273,16.399999618530273,15.899999618530273,15.9399995803833,1053300,SNBR
1904,2007-08-01,15.84000015258789,16.780000686645508,15.819999694824219,16.770000457763672,1994100,SNBR
1905,2007-08-02,16.700000762939453,16.700000762939453,16.100000381469727,16.270000457763672,1015400,SNBR
1906,2007-08-03,16.229999542236328,16.469999313354492,15.930000305175781,15.970000267028809,1226600,SNBR
1907,2007-08-06,15.899999618530273,17.100000381469727,15.899999618530273,17.010000228881836,1671500,SNBR
1908,2007-08-07,17.040000915527344,17.100000381469727,16.649999618530273,17.079999923706055,1096000,SNBR
1909,2007-08-08,16.979999542236328,17.8799991607666,16.90999984741211,17.25,1185200,SNBR
1910,2007-08-09,16.920000076293945,17.100000381469727,15.720000267028809,16.0,1858600,SNBR
1911,2007-08-10,16.0,17.530000686645508,15.760000228881836,16.75,1375500,SNBR
1912,2007-08-13,16.850000381469727,17.450000762939453,15.989999771118164,16.0,619600,SNBR
1913,2007-08-14,16.030000686645508,16.489999771118164,15.229999542236328,15.34000015258789,692600,SNBR
1914,2007-08-15,15.300000190734863,15.3100004196167,14.640000343322754,14.65999984741211,1179300,SNBR
1915,2007-08-16,14.5600004196167,15.399999618530273,14.25,15.329999923706055,950300,SNBR
1916,2007-08-17,15.84000015258789,16.239999771118164,15.220000267028809,15.789999961853027,854700,SNBR
1917,2007-08-20,15.829999923706055,16.420000076293945,15.829999923706055,16.34000015258789,502700,SNBR
1918,2007-08-21,16.290000915527344,17.040000915527344,16.229999542236328,17.040000915527344,858000,SNBR
1919,2007-08-22,17.200000762939453,17.3799991607666,16.65999984741211,17.06999969482422,965900,SNBR
1920,2007-08-23,17.049999237060547,17.049999237060547,16.540000915527344,16.690000534057617,336900,SNBR
1921,2007-08-24,16.649999618530273,17.360000610351562,16.479999542236328,17.280000686645508,751700,SNBR
1922,2007-08-27,17.170000076293945,17.3700008392334,16.75,17.309999465942383,589200,SNBR
1923,2007-08-28,17.139999389648438,17.420000076293945,16.559999465942383,16.59000015258789,947700,SNBR
1924,2007-08-29,16.75,17.280000686645508,16.649999618530273,17.239999771118164,954600,SNBR
1925,2007-08-30,16.6299991607666,17.18000030517578,16.610000610351562,17.09000015258789,1582700,SNBR
1926,2007-08-31,17.200000762939453,17.360000610351562,17.09000015258789,17.149999618530273,644500,SNBR
1927,2007-09-04,17.1299991607666,17.729999542236328,17.030000686645508,17.459999084472656,664300,SNBR
1928,2007-09-05,17.25,17.540000915527344,17.079999923706055,17.389999389648438,1282800,SNBR
1929,2007-09-06,17.350000381469727,17.780000686645508,17.219999313354492,17.59000015258789,948600,SNBR
1930,2007-09-07,17.190000534057617,17.270000457763672,16.440000534057617,16.579999923706055,1255900,SNBR
1931,2007-09-10,16.56999969482422,16.649999618530273,16.020000457763672,16.280000686645508,789500,SNBR
1932,2007-09-11,16.31999969482422,17.65999984741211,16.280000686645508,17.469999313354492,1945300,SNBR
1933,2007-09-12,17.5,18.0,17.299999237060547,17.399999618530273,1125100,SNBR
1934,2007-09-13,15.210000038146973,16.399999618530273,15.010000228881836,15.90999984741211,7377300,SNBR
1935,2007-09-14,15.640000343322754,16.200000762939453,15.529999732971191,15.619999885559082,1601500,SNBR
1936,2007-09-17,15.529999732971191,15.90999984741211,15.180000305175781,15.75,1334100,SNBR
1937,2007-09-18,15.800000190734863,16.25,15.520000457763672,16.15999984741211,832800,SNBR
1938,2007-09-19,16.15999984741211,16.479999542236328,16.09000015258789,16.09000015258789,725400,SNBR
1939,2007-09-20,16.010000228881836,16.15999984741211,15.6899995803833,15.699999809265137,777900,SNBR
1940,2007-09-21,15.850000381469727,15.850000381469727,15.270000457763672,15.59000015258789,1053300,SNBR
1941,2007-09-24,15.59000015258789,15.699999809265137,15.1899995803833,15.260000228881836,934400,SNBR
1942,2007-09-25,15.09000015258789,15.130000114440918,14.6899995803833,14.869999885559082,863800,SNBR
1943,2007-09-26,14.899999618530273,15.020000457763672,14.460000038146973,14.5,787700,SNBR
1944,2007-09-27,14.619999885559082,14.6899995803833,14.359999656677246,14.479999542236328,539700,SNBR
1945,2007-09-28,14.420000076293945,14.479999542236328,13.899999618530273,13.949999809265137,1018300,SNBR
1946,2007-10-01,14.0,14.050000190734863,13.850000381469727,14.029999732971191,1537300,SNBR
1947,2007-10-02,13.970000267028809,14.220000267028809,13.970000267028809,14.020000457763672,1183100,SNBR
1948,2007-10-03,14.0600004196167,14.399999618530273,13.979999542236328,14.350000381469727,979700,SNBR
1949,2007-10-04,14.420000076293945,14.449999809265137,13.989999771118164,14.0600004196167,670400,SNBR
1950,2007-10-05,14.220000267028809,14.430000305175781,13.880000114440918,14.390000343322754,1001300,SNBR
1951,2007-10-08,14.289999961853027,14.75,14.289999961853027,14.649999618530273,872000,SNBR
1952,2007-10-09,14.479999542236328,14.75,14.289999961853027,14.470000267028809,637900,SNBR
1953,2007-10-10,14.369999885559082,14.539999961853027,14.0,14.010000228881836,968700,SNBR
1954,2007-10-11,14.079999923706055,14.119999885559082,13.649999618530273,13.6899995803833,906800,SNBR
1955,2007-10-12,13.649999618530273,13.729999542236328,13.239999771118164,13.34000015258789,1216400,SNBR
1956,2007-10-15,13.319999694824219,13.350000381469727,12.899999618530273,12.960000038146973,1340300,SNBR
1957,2007-10-16,12.899999618530273,13.270000457763672,12.859999656677246,13.25,761600,SNBR
1958,2007-10-17,13.25,13.25,12.899999618530273,13.0,773700,SNBR
1959,2007-10-18,12.899999618530273,13.09000015258789,12.800000190734863,13.0,532500,SNBR
1960,2007-10-19,12.930000305175781,12.979999542236328,12.390000343322754,12.40999984741211,1066800,SNBR
1961,2007-10-22,12.300000190734863,13.039999961853027,12.220000267028809,12.920000076293945,963700,SNBR
1962,2007-10-23,13.0,13.069999694824219,12.550000190734863,12.739999771118164,758200,SNBR
1963,2007-10-24,12.600000381469727,12.880000114440918,12.350000381469727,12.6899995803833,1038300,SNBR
1964,2007-10-25,11.890000343322754,12.25,11.359999656677246,11.449999809265137,2086200,SNBR
1965,2007-10-26,11.449999809265137,11.779999732971191,11.449999809265137,11.569999694824219,1303600,SNBR
1966,2007-10-29,11.579999923706055,11.619999885559082,11.0,11.109999656677246,1292700,SNBR
1967,2007-10-30,11.0,11.100000381469727,10.819999694824219,10.869999885559082,1092500,SNBR
1968,2007-10-31,10.850000381469727,11.569999694824219,10.850000381469727,11.430000305175781,1157600,SNBR
1969,2007-11-01,11.220000267028809,11.399999618530273,10.899999618530273,11.069999694824219,2255800,SNBR
1970,2007-11-02,11.199999809265137,11.420000076293945,11.0600004196167,11.239999771118164,1189100,SNBR
1971,2007-11-05,11.069999694824219,11.119999885559082,10.920000076293945,10.970000267028809,2500400,SNBR
1972,2007-11-06,10.960000038146973,11.0,10.670000076293945,10.9399995803833,885100,SNBR
1973,2007-11-07,10.729999542236328,10.930000305175781,10.5,10.600000381469727,867500,SNBR
1974,2007-11-08,10.649999618530273,10.760000228881836,10.350000381469727,10.489999771118164,1008100,SNBR
1975,2007-11-09,10.329999923706055,10.579999923706055,10.15999984741211,10.359999656677246,671000,SNBR
1976,2007-11-12,10.369999885559082,11.149999618530273,10.3100004196167,10.869999885559082,934900,SNBR
1977,2007-11-13,10.979999542236328,11.489999771118164,10.9399995803833,11.399999618530273,973700,SNBR
1978,2007-11-14,11.359999656677246,11.65999984741211,11.289999961853027,11.510000228881836,822700,SNBR
1979,2007-11-15,11.430000305175781,11.520000457763672,11.0,11.050000190734863,613000,SNBR
1980,2007-11-16,11.100000381469727,11.140000343322754,10.869999885559082,10.989999771118164,579000,SNBR
1981,2007-11-19,10.850000381469727,10.890000343322754,10.699999809265137,10.760000228881836,721100,SNBR
1982,2007-11-20,10.739999771118164,11.039999961853027,10.65999984741211,10.979999542236328,857600,SNBR
1983,2007-11-21,10.8100004196167,11.069999694824219,10.789999961853027,10.90999984741211,941600,SNBR
1984,2007-11-23,11.010000228881836,11.25,10.84000015258789,11.119999885559082,163000,SNBR
1985,2007-11-26,11.119999885559082,11.130000114440918,10.670000076293945,10.739999771118164,654800,SNBR
1986,2007-11-27,10.9399995803833,10.9399995803833,10.600000381469727,10.630000114440918,958300,SNBR
1987,2007-11-28,10.670000076293945,10.930000305175781,10.5600004196167,10.850000381469727,755100,SNBR
1988,2007-11-29,10.760000228881836,10.760000228881836,10.550000190734863,10.619999885559082,606700,SNBR
1989,2007-11-30,10.65999984741211,10.970000267028809,10.640000343322754,10.640000343322754,802200,SNBR
1990,2007-12-03,10.640000343322754,10.640000343322754,10.390000343322754,10.430000305175781,724400,SNBR
1991,2007-12-04,10.329999923706055,10.380000114440918,10.119999885559082,10.149999618530273,616000,SNBR
1992,2007-12-05,10.25,10.350000381469727,9.920000076293945,10.0600004196167,624000,SNBR
1993,2007-12-06,9.989999771118164,10.350000381469727,9.930000305175781,10.34000015258789,622200,SNBR
1994,2007-12-07,10.350000381469727,10.510000228881836,10.279999732971191,10.449999809265137,576000,SNBR
1995,2007-12-10,10.399999618530273,10.579999923706055,10.300000190734863,10.390000343322754,646300,SNBR
1996,2007-12-11,10.420000076293945,10.489999771118164,9.949999809265137,9.979999542236328,989700,SNBR
1997,2007-12-12,10.289999961853027,10.380000114440918,9.9399995803833,10.079999923706055,1072600,SNBR
1998,2007-12-13,7.809999942779541,8.25,6.480000019073486,6.630000114440918,6751600,SNBR
1999,2007-12-14,6.630000114440918,6.650000095367432,6.110000133514404,6.210000038146973,5600800,SNBR
2000,2007-12-17,6.199999809265137,6.849999904632568,6.199999809265137,6.610000133514404,1832700,SNBR
2001,2007-12-18,6.78000020980835,7.050000190734863,6.71999979019165,7.0,1577300,SNBR
2002,2007-12-19,6.980000019073486,7.190000057220459,6.840000152587891,7.079999923706055,1172200,SNBR
2003,2007-12-20,7.130000114440918,7.360000133514404,7.010000228881836,7.360000133514404,1042500,SNBR
2004,2007-12-21,7.400000095367432,7.519999980926514,7.099999904632568,7.380000114440918,2711000,SNBR
2005,2007-12-24,7.389999866485596,7.5,7.340000152587891,7.389999866485596,261700,SNBR
2006,2007-12-26,7.329999923706055,7.599999904632568,7.179999828338623,7.539999961853027,695400,SNBR
2007,2007-12-27,7.460000038146973,7.519999980926514,7.28000020980835,7.28000020980835,673700,SNBR
2008,2007-12-28,7.230000019073486,7.5,7.139999866485596,7.150000095367432,610500,SNBR
2009,2007-12-31,7.0,7.159999847412109,7.0,7.010000228881836,940400,SNBR
2010,2008-01-02,7.170000076293945,7.170000076293945,6.96999979019165,7.010000228881836,890400,SNBR
2011,2008-01-03,7.03000020980835,7.170000076293945,7.0,7.010000228881836,851600,SNBR
2012,2008-01-04,7.0,7.059999942779541,6.840000152587891,6.929999828338623,1749300,SNBR
2013,2008-01-07,6.920000076293945,6.989999771118164,6.619999885559082,6.78000020980835,708100,SNBR
2014,2008-01-08,6.829999923706055,6.929999828338623,6.449999809265137,6.480000019073486,1410300,SNBR
2015,2008-01-09,6.440000057220459,6.610000133514404,6.409999847412109,6.570000171661377,890100,SNBR
2016,2008-01-10,6.519999980926514,6.78000020980835,6.420000076293945,6.639999866485596,841100,SNBR
2017,2008-01-11,6.5,6.590000152587891,6.329999923706055,6.480000019073486,1652300,SNBR
2018,2008-01-14,6.489999771118164,6.599999904632568,6.460000038146973,6.5,1167800,SNBR
2019,2008-01-15,6.400000095367432,6.53000020980835,6.349999904632568,6.449999809265137,889200,SNBR
2020,2008-01-16,6.400000095367432,6.730000019073486,6.400000095367432,6.53000020980835,793700,SNBR
2021,2008-01-17,6.550000190734863,6.639999866485596,6.46999979019165,6.5,566400,SNBR
2022,2008-01-18,6.429999828338623,6.710000038146973,6.400000095367432,6.639999866485596,767400,SNBR
2023,2008-01-22,6.25,7.039999961853027,6.25,6.829999923706055,1055900,SNBR
2024,2008-01-23,6.679999828338623,7.480000019073486,6.489999771118164,7.309999942779541,1394000,SNBR
2025,2008-01-24,7.159999847412109,7.53000020980835,7.159999847412109,7.420000076293945,741800,SNBR
2026,2008-01-25,7.539999961853027,7.599999904632568,6.900000095367432,6.960000038146973,670100,SNBR
2027,2008-01-28,6.960000038146973,7.550000190734863,6.909999847412109,7.510000228881836,717900,SNBR
2028,2008-01-29,7.570000171661377,8.0,7.400000095367432,7.849999904632568,700400,SNBR
2029,2008-01-30,7.809999942779541,7.869999885559082,7.590000152587891,7.590000152587891,672600,SNBR
2030,2008-01-31,7.5,8.119999885559082,7.400000095367432,7.860000133514404,985400,SNBR
2031,2008-02-01,7.980000019073486,8.319999694824219,7.789999961853027,8.1899995803833,999500,SNBR
2032,2008-02-04,8.199999809265137,8.279999732971191,7.650000095367432,7.659999847412109,742400,SNBR
2033,2008-02-05,7.519999980926514,7.769999980926514,7.340000152587891,7.340000152587891,910800,SNBR
2034,2008-02-06,7.539999961853027,7.539999961853027,7.03000020980835,7.150000095367432,669700,SNBR
2035,2008-02-07,5.699999809265137,5.989999771118164,4.940000057220459,4.940000057220459,5837100,SNBR
2036,2008-02-08,4.980000019073486,5.079999923706055,4.75,4.789999961853027,1933400,SNBR
2037,2008-02-11,4.840000152587891,4.989999771118164,4.71999979019165,4.760000228881836,1789900,SNBR
2038,2008-02-12,4.840000152587891,5.090000152587891,4.840000152587891,5.010000228881836,1942900,SNBR
2039,2008-02-13,5.099999904632568,5.190000057220459,4.920000076293945,5.070000171661377,1591400,SNBR
2040,2008-02-14,5.139999866485596,5.139999866485596,4.889999866485596,4.889999866485596,872000,SNBR
2041,2008-02-15,4.860000133514404,4.929999828338623,4.760000228881836,4.760000228881836,443000,SNBR
2042,2008-02-19,4.829999923706055,4.909999847412109,4.690000057220459,4.699999809265137,570300,SNBR
2043,2008-02-20,4.71999979019165,4.949999809265137,4.639999866485596,4.900000095367432,645400,SNBR
2044,2008-02-21,4.940000057220459,4.940000057220459,4.650000095367432,4.659999847412109,740100,SNBR
2045,2008-02-22,4.659999847412109,4.699999809265137,4.409999847412109,4.449999809265137,754500,SNBR
2046,2008-02-25,4.46999979019165,4.769999980926514,4.440000057220459,4.739999771118164,475600,SNBR
2047,2008-02-26,4.71999979019165,5.079999923706055,4.71999979019165,5.079999923706055,1145700,SNBR
2048,2008-02-27,5.0,5.019999980926514,4.809999942779541,4.960000038146973,957100,SNBR
2049,2008-02-28,4.900000095367432,4.940000057220459,4.599999904632568,4.599999904632568,533900,SNBR
2050,2008-02-29,4.579999923706055,4.579999923706055,4.28000020980835,4.28000020980835,528500,SNBR
2051,2008-03-03,4.300000190734863,4.659999847412109,4.239999771118164,4.650000095367432,624000,SNBR
2052,2008-03-04,4.590000152587891,4.590000152587891,4.360000133514404,4.46999979019165,881100,SNBR
2053,2008-03-05,4.5,4.690000057220459,4.400000095367432,4.400000095367432,890900,SNBR
2054,2008-03-06,4.369999885559082,4.420000076293945,3.9100000858306885,3.9200000762939453,1617500,SNBR
2055,2008-03-07,4.03000020980835,4.050000190734863,3.6600000858306885,3.759999990463257,926100,SNBR
2056,2008-03-10,3.799999952316284,4.0,3.390000104904175,3.390000104904175,923100,SNBR
2057,2008-03-11,3.6700000762939453,4.070000171661377,3.5,4.0,1501200,SNBR
2058,2008-03-12,4.010000228881836,4.130000114440918,3.690000057220459,3.7300000190734863,714200,SNBR
2059,2008-03-13,3.7300000190734863,4.0,3.6700000762939453,3.9800000190734863,623200,SNBR
2060,2008-03-14,4.010000228881836,4.110000133514404,3.690000057220459,3.7899999618530273,583100,SNBR
2061,2008-03-17,3.5999999046325684,3.619999885559082,3.3299999237060547,3.5,1076400,SNBR
2062,2008-03-18,3.4000000953674316,3.799999952316284,3.369999885559082,3.75,660300,SNBR
2063,2008-03-19,3.759999990463257,3.9100000858306885,3.450000047683716,3.450000047683716,495200,SNBR
2064,2008-03-20,3.5299999713897705,3.6600000858306885,3.0999999046325684,3.5199999809265137,1403200,SNBR
2065,2008-03-24,3.549999952316284,3.990000009536743,3.549999952316284,3.930000066757202,1358200,SNBR
2066,2008-03-25,3.940000057220459,4.110000133514404,3.8399999141693115,4.059999942779541,661700,SNBR
2067,2008-03-26,4.03000020980835,4.130000114440918,3.9200000762939453,3.950000047683716,582300,SNBR
2068,2008-03-27,3.9800000190734863,4.099999904632568,3.819999933242798,3.880000114440918,597600,SNBR
2069,2008-03-28,3.799999952316284,3.8499999046325684,3.5799999237060547,3.5899999141693115,427700,SNBR
2070,2008-03-31,3.569999933242798,3.75,3.5299999713897705,3.5999999046325684,483100,SNBR
2071,2008-04-01,3.640000104904175,3.809999942779541,3.609999895095825,3.809999942779541,361800,SNBR
2072,2008-04-02,3.759999990463257,3.9700000286102295,3.619999885559082,3.7200000286102295,1007300,SNBR
2073,2008-04-03,3.640000104904175,3.819999933242798,3.630000114440918,3.7699999809265137,508700,SNBR
2074,2008-04-04,3.7699999809265137,3.7699999809265137,3.630000114440918,3.690000057220459,607500,SNBR
2075,2008-04-07,3.7100000381469727,3.75,3.559999942779541,3.680000066757202,666800,SNBR
2076,2008-04-08,3.6500000953674316,3.680000066757202,3.559999942779541,3.609999895095825,506500,SNBR
2077,2008-04-09,3.630000114440918,3.7100000381469727,3.5899999141693115,3.5999999046325684,745800,SNBR
2078,2008-04-10,3.5899999141693115,3.700000047683716,3.549999952316284,3.6600000858306885,307500,SNBR
2079,2008-04-11,3.609999895095825,3.619999885559082,3.549999952316284,3.569999933242798,387700,SNBR
2080,2008-04-14,3.5299999713897705,3.549999952316284,3.2899999618530273,3.4100000858306885,388300,SNBR
2081,2008-04-15,3.4200000762939453,3.440000057220459,3.1700000762939453,3.2699999809265137,383400,SNBR
2082,2008-04-16,3.309999942779541,3.430000066757202,3.0999999046325684,3.2899999618530273,463300,SNBR
2083,2008-04-17,3.2899999618530273,3.4000000953674316,3.2899999618530273,3.3499999046325684,284300,SNBR
2084,2008-04-18,3.4700000286102295,3.490000009536743,3.4000000953674316,3.4800000190734863,435600,SNBR
2085,2008-04-21,3.4800000190734863,3.5,3.319999933242798,3.3299999237060547,197900,SNBR
2086,2008-04-22,3.259999990463257,3.2799999713897705,3.0999999046325684,3.130000114440918,690200,SNBR
2087,2008-04-23,3.0999999046325684,3.2799999713897705,3.0199999809265137,3.240000009536743,763100,SNBR
2088,2008-04-24,2.9600000381469727,2.9600000381469727,2.450000047683716,2.619999885559082,2908100,SNBR
2089,2008-04-25,2.6500000953674316,2.819999933242798,2.609999895095825,2.7899999618530273,819300,SNBR
2090,2008-04-28,2.819999933242798,2.940000057220459,2.740000009536743,2.9100000858306885,817500,SNBR
2091,2008-04-29,2.9200000762939453,2.9800000190734863,2.7899999618530273,2.9600000381469727,554100,SNBR
2092,2008-04-30,2.9800000190734863,3.130000114440918,2.9800000190734863,3.0199999809265137,574300,SNBR
2093,2008-05-01,3.0,3.190000057220459,3.0,3.0899999141693115,470100,SNBR
2094,2008-05-02,3.119999885559082,3.2799999713897705,3.0999999046325684,3.180000066757202,736200,SNBR
2095,2008-05-05,3.1700000762939453,3.240000009536743,3.0399999618530273,3.069999933242798,648800,SNBR
2096,2008-05-06,3.0299999713897705,3.059999942779541,2.9700000286102295,3.0,931200,SNBR
2097,2008-05-07,3.0,3.0399999618530273,2.8399999141693115,2.8399999141693115,733600,SNBR
2098,2008-05-08,2.8399999141693115,2.9100000858306885,2.75,2.8399999141693115,613000,SNBR
2099,2008-05-09,2.7699999809265137,2.9200000762939453,2.7300000190734863,2.9000000953674316,643100,SNBR
2100,2008-05-12,2.9000000953674316,2.9200000762939453,2.799999952316284,2.8499999046325684,1172500,SNBR
2101,2008-05-13,2.8499999046325684,3.0,2.7200000286102295,2.9600000381469727,901300,SNBR
2102,2008-05-14,2.950000047683716,3.0299999713897705,2.890000104904175,2.9700000286102295,583400,SNBR
2103,2008-05-15,2.9600000381469727,2.990000009536743,2.8499999046325684,2.950000047683716,480100,SNBR
2104,2008-05-16,3.0,3.0,2.880000114440918,2.9100000858306885,430400,SNBR
2105,2008-05-19,2.890000104904175,2.930000066757202,2.819999933242798,2.8399999141693115,485700,SNBR
2106,2008-05-20,2.819999933242798,2.869999885559082,2.7899999618530273,2.799999952316284,371500,SNBR
2107,2008-05-21,2.8299999237060547,2.9100000858306885,2.7699999809265137,2.7799999713897705,578000,SNBR
2108,2008-05-22,2.799999952316284,2.8299999237060547,2.6600000858306885,2.7200000286102295,406200,SNBR
2109,2008-05-23,2.700000047683716,2.7100000381469727,2.619999885559082,2.640000104904175,205300,SNBR
2110,2008-05-27,2.619999885559082,2.690000057220459,2.5199999809265137,2.569999933242798,203600,SNBR
2111,2008-05-28,2.569999933242798,2.6700000762939453,2.549999952316284,2.6700000762939453,156900,SNBR
2112,2008-05-29,2.630000114440918,2.8399999141693115,2.619999885559082,2.799999952316284,226300,SNBR
2113,2008-05-30,2.799999952316284,2.950000047683716,2.75,2.950000047683716,704800,SNBR
2114,2008-06-02,2.930000066757202,2.950000047683716,2.7200000286102295,2.809999942779541,319000,SNBR
2115,2008-06-03,2.809999942779541,3.059999942779541,2.7300000190734863,2.990000009536743,677400,SNBR
2116,2008-06-04,2.9700000286102295,3.059999942779541,2.9600000381469727,2.9800000190734863,298300,SNBR
2117,2008-06-05,2.9800000190734863,3.059999942779541,2.950000047683716,3.059999942779541,327000,SNBR
2118,2008-06-06,3.0,3.0,2.7300000190734863,2.869999885559082,654200,SNBR
2119,2008-06-09,2.859999895095825,2.890000104904175,2.619999885559082,2.640000104904175,497300,SNBR
2120,2008-06-10,2.5999999046325684,2.7300000190734863,2.490000009536743,2.490000009536743,389300,SNBR
2121,2008-06-11,2.490000009536743,2.509999990463257,2.319999933242798,2.3499999046325684,477500,SNBR
2122,2008-06-12,2.359999895095825,2.450000047683716,2.25,2.259999990463257,270000,SNBR
2123,2008-06-13,2.2699999809265137,2.430000066757202,2.2699999809265137,2.359999895095825,544600,SNBR
2124,2008-06-16,2.319999933242798,2.549999952316284,2.240000009536743,2.4700000286102295,431800,SNBR
2125,2008-06-17,2.4700000286102295,2.5,2.299999952316284,2.309999942779541,230400,SNBR
2126,2008-06-18,2.2799999713897705,2.3399999141693115,2.2100000381469727,2.2899999618530273,181200,SNBR
2127,2008-06-19,2.2899999618530273,2.440000057220459,2.2100000381469727,2.430000066757202,244200,SNBR
2128,2008-06-20,2.4100000858306885,2.430000066757202,2.190000057220459,2.319999933242798,641500,SNBR
2129,2008-06-23,2.309999942779541,2.440000057220459,2.0999999046325684,2.3499999046325684,506400,SNBR
2130,2008-06-24,2.3299999237060547,2.4600000381469727,2.240000009536743,2.25,230500,SNBR
2131,2008-06-25,2.25,2.3399999141693115,2.140000104904175,2.200000047683716,551600,SNBR
2132,2008-06-26,2.1700000762939453,2.200000047683716,1.7999999523162842,1.9299999475479126,1214100,SNBR
2133,2008-06-27,1.9199999570846558,1.9199999570846558,1.4700000286102295,1.590000033378601,11275200,SNBR
2134,2008-06-30,1.6299999952316284,1.7799999713897705,1.590000033378601,1.6399999856948853,542900,SNBR
2135,2008-07-01,1.659999966621399,1.6799999475479126,1.600000023841858,1.600000023841858,386600,SNBR
2136,2008-07-02,1.6299999952316284,1.6799999475479126,1.5800000429153442,1.6299999952316284,350700,SNBR
2137,2008-07-03,1.6100000143051147,1.7200000286102295,1.5700000524520874,1.600000023841858,127700,SNBR
2138,2008-07-07,1.590000033378601,1.690000057220459,1.5199999809265137,1.5499999523162842,190400,SNBR
2139,2008-07-08,1.5399999618530273,1.600000023841858,1.4900000095367432,1.5299999713897705,286200,SNBR
2140,2008-07-09,1.5,1.600000023841858,1.3200000524520874,1.3799999952316284,365500,SNBR
2141,2008-07-10,1.3799999952316284,1.409999966621399,1.159999966621399,1.2200000286102295,681600,SNBR
2142,2008-07-11,1.2300000190734863,1.3300000429153442,1.1799999475479126,1.2999999523162842,577900,SNBR
2143,2008-07-14,1.3899999856948853,1.4800000190734863,1.2699999809265137,1.350000023841858,455500,SNBR
2144,2008-07-15,1.2999999523162842,1.3799999952316284,1.2699999809265137,1.3600000143051147,413300,SNBR
2145,2008-07-16,1.340000033378601,1.399999976158142,1.2699999809265137,1.350000023841858,378600,SNBR
2146,2008-07-17,1.3300000429153442,1.4600000381469727,1.2899999618530273,1.3799999952316284,367400,SNBR
2147,2008-07-18,1.409999966621399,1.409999966621399,1.340000033378601,1.340000033378601,143900,SNBR
2148,2008-07-21,1.3700000047683716,1.4199999570846558,1.3600000143051147,1.409999966621399,164800,SNBR
2149,2008-07-22,1.440000057220459,1.5399999618530273,1.3899999856948853,1.5199999809265137,460200,SNBR
2150,2008-07-23,1.5499999523162842,1.600000023841858,1.4600000381469727,1.5800000429153442,478500,SNBR
2151,2008-07-24,1.7799999713897705,1.9800000190734863,1.6200000047683716,1.6399999856948853,3150900,SNBR
2152,2008-07-25,1.690000057220459,1.9199999570846558,1.649999976158142,1.6799999475479126,942500,SNBR
2153,2008-07-28,1.7400000095367432,1.840000033378601,1.690000057220459,1.809999942779541,371200,SNBR
2154,2008-07-29,1.7100000381469727,2.009999990463257,1.7100000381469727,1.9900000095367432,581600,SNBR
2155,2008-07-30,2.0,2.109999895095825,1.8600000143051147,2.0,394900,SNBR
2156,2008-07-31,2.0,2.049999952316284,1.909999966621399,1.9800000190734863,200900,SNBR
2157,2008-08-01,2.0199999809265137,2.049999952316284,1.9299999475479126,2.009999990463257,284300,SNBR
2158,2008-08-04,2.0799999237060547,2.0799999237060547,1.9299999475479126,2.0199999809265137,260000,SNBR
2159,2008-08-05,2.0199999809265137,2.130000114440918,1.9600000381469727,2.0299999713897705,285200,SNBR
2160,2008-08-06,2.0,2.0399999618530273,1.899999976158142,1.9299999475479126,275700,SNBR
2161,2008-08-07,1.899999976158142,2.009999990463257,1.8200000524520874,1.9700000286102295,165400,SNBR
2162,2008-08-08,1.9299999475479126,2.0,1.9299999475479126,1.9600000381469727,110500,SNBR
2163,2008-08-11,2.0,2.0199999809265137,1.909999966621399,1.9800000190734863,258500,SNBR
2164,2008-08-12,1.9800000190734863,2.059999942779541,1.940000057220459,2.0,205700,SNBR
2165,2008-08-13,2.0299999713897705,2.1500000953674316,2.0,2.130000114440918,471500,SNBR
2166,2008-08-14,2.1600000858306885,2.2200000286102295,2.140000104904175,2.200000047683716,327100,SNBR
2167,2008-08-15,2.25,2.3499999046325684,2.1700000762939453,2.299999952316284,305000,SNBR
2168,2008-08-18,2.3499999046325684,2.390000104904175,2.2200000286102295,2.380000114440918,313300,SNBR
2169,2008-08-19,2.3499999046325684,2.369999885559082,2.059999942779541,2.0999999046325684,294000,SNBR
2170,2008-08-20,2.25,2.2899999618530273,2.009999990463257,2.2200000286102295,480800,SNBR
2171,2008-08-21,2.180000066757202,2.2200000286102295,2.140000104904175,2.200000047683716,174600,SNBR
2172,2008-08-22,2.180000066757202,2.3399999141693115,2.1700000762939453,2.259999990463257,135700,SNBR
2173,2008-08-25,2.2100000381469727,2.25,2.109999895095825,2.180000066757202,150500,SNBR
2174,2008-08-26,2.1600000858306885,2.2799999713897705,2.0999999046325684,2.259999990463257,106500,SNBR
2175,2008-08-27,2.2699999809265137,2.3499999046325684,2.240000009536743,2.3299999237060547,108800,SNBR
2176,2008-08-28,2.3499999046325684,2.4000000953674316,2.309999942779541,2.4000000953674316,110200,SNBR
2177,2008-08-29,2.4000000953674316,2.509999990463257,2.369999885559082,2.4000000953674316,224400,SNBR
2178,2008-09-02,2.4800000190734863,2.640000104904175,2.4000000953674316,2.509999990463257,225200,SNBR
2179,2008-09-03,2.5,2.5899999141693115,2.5,2.5199999809265137,181700,SNBR
2180,2008-09-04,2.5399999618530273,2.740000009536743,2.4700000286102295,2.700000047683716,487900,SNBR
2181,2008-09-05,2.609999895095825,2.7799999713897705,2.549999952316284,2.7799999713897705,560100,SNBR
2182,2008-09-08,2.819999933242798,2.8299999237060547,2.6500000953674316,2.799999952316284,369000,SNBR
2183,2008-09-09,2.799999952316284,2.799999952316284,2.4800000190734863,2.509999990463257,248300,SNBR
2184,2008-09-10,2.5,2.549999952316284,2.430000066757202,2.4600000381469727,182600,SNBR
2185,2008-09-11,2.4000000953674316,2.6500000953674316,2.3299999237060547,2.5399999618530273,446800,SNBR
2186,2008-09-12,2.5,2.5,2.3499999046325684,2.369999885559082,139900,SNBR
2187,2008-09-15,2.259999990463257,2.2799999713897705,2.0899999141693115,2.140000104904175,188200,SNBR
2188,2008-09-16,2.140000104904175,2.190000057220459,2.049999952316284,2.130000114440918,263000,SNBR
2189,2008-09-17,2.0899999141693115,2.0999999046325684,1.7999999523162842,1.8600000143051147,325900,SNBR
2190,2008-09-18,1.8700000047683716,2.069999933242798,1.7599999904632568,1.909999966621399,382400,SNBR
2191,2008-09-19,1.9700000286102295,2.1600000858306885,1.7599999904632568,1.9199999570846558,381100,SNBR
2192,2008-09-22,1.9600000381469727,2.1500000953674316,1.840000033378601,2.0199999809265137,327400,SNBR
2193,2008-09-23,2.069999933242798,2.1600000858306885,1.899999976158142,1.940000057220459,218800,SNBR
2194,2008-09-24,1.9299999475479126,2.049999952316284,1.9299999475479126,1.9700000286102295,127000,SNBR
2195,2008-09-25,2.0199999809265137,2.0799999237060547,1.9299999475479126,1.9800000190734863,660900,SNBR
2196,2008-09-26,1.9800000190734863,2.049999952316284,1.9199999570846558,1.9900000095367432,192700,SNBR
2197,2008-09-29,1.9199999570846558,1.9600000381469727,1.6100000143051147,1.9600000381469727,191000,SNBR
2198,2008-09-30,1.940000057220459,1.940000057220459,1.6399999856948853,1.649999976158142,216800,SNBR
2199,2008-10-01,1.6699999570846558,1.7799999713897705,1.6100000143051147,1.75,434700,SNBR
2200,2008-10-02,1.7599999904632568,1.7799999713897705,1.5199999809265137,1.5399999618530273,224200,SNBR
2201,2008-10-03,1.590000033378601,1.590000033378601,1.4500000476837158,1.4900000095367432,160000,SNBR
2202,2008-10-06,1.409999966621399,1.4800000190734863,1.190000057220459,1.399999976158142,376100,SNBR
2203,2008-10-07,1.340000033378601,1.5,1.2000000476837158,1.309999942779541,240400,SNBR
2204,2008-10-08,1.340000033378601,1.399999976158142,1.0,1.0199999809265137,2997300,SNBR
2205,2008-10-09,1.059999942779541,1.100000023841858,0.8199999928474426,0.8199999928474426,466300,SNBR
2206,2008-10-10,0.7900000214576721,1.090000033378601,0.7799999713897705,0.9800000190734863,607100,SNBR
2207,2008-10-13,1.0299999713897705,1.100000023841858,0.9800000190734863,1.100000023841858,467300,SNBR
2208,2008-10-14,1.2400000095367432,1.2899999618530273,0.9200000166893005,1.0199999809265137,288200,SNBR
2209,2008-10-15,1.0199999809265137,1.0299999713897705,0.8899999856948853,0.8899999856948853,224500,SNBR
2210,2008-10-16,0.9900000095367432,0.9900000095367432,0.7900000214576721,0.800000011920929,562400,SNBR
2211,2008-10-17,0.8399999737739563,0.9399999976158142,0.8100000023841858,0.8999999761581421,500000,SNBR
2212,2008-10-20,0.9100000262260437,1.0,0.8700000047683716,0.9800000190734863,153000,SNBR
2213,2008-10-21,1.0,1.0199999809265137,0.8100000023841858,0.8299999833106995,426000,SNBR
2214,2008-10-22,0.9399999976158142,0.9399999976158142,0.800000011920929,0.800000011920929,204500,SNBR
2215,2008-10-23,0.8299999833106995,0.8799999952316284,0.6000000238418579,0.6000000238418579,469000,SNBR
2216,2008-10-24,0.6499999761581421,0.6800000071525574,0.550000011920929,0.550000011920929,579000,SNBR
2217,2008-10-27,0.5600000023841858,0.6000000238418579,0.5,0.5,368600,SNBR
2218,2008-10-28,0.550000011920929,0.5600000023841858,0.4399999976158142,0.47999998927116394,803500,SNBR
2219,2008-10-29,0.5,0.550000011920929,0.44999998807907104,0.5,607500,SNBR
2220,2008-10-30,0.550000011920929,0.6800000071525574,0.5,0.6000000238418579,722500,SNBR
2221,2008-10-31,0.6000000238418579,0.6000000238418579,0.47999998927116394,0.47999998927116394,1213100,SNBR
2222,2008-11-03,0.5400000214576721,0.6100000143051147,0.5,0.5600000023841858,429100,SNBR
2223,2008-11-04,0.6299999952316284,0.6800000071525574,0.5899999737739563,0.6499999761581421,443700,SNBR
2224,2008-11-05,0.6499999761581421,0.7400000095367432,0.6000000238418579,0.6200000047683716,409900,SNBR
2225,2008-11-06,0.6800000071525574,0.6899999976158142,0.6100000143051147,0.6100000143051147,200000,SNBR
2226,2008-11-07,0.6100000143051147,0.6600000262260437,0.6100000143051147,0.6299999952316284,141800,SNBR
2227,2008-11-10,0.6299999952316284,0.6800000071525574,0.5400000214576721,0.6100000143051147,398500,SNBR
2228,2008-11-11,0.5799999833106995,0.6399999856948853,0.5299999713897705,0.5299999713897705,228000,SNBR
2229,2008-11-12,0.5099999904632568,0.6000000238418579,0.4699999988079071,0.4699999988079071,240500,SNBR
2230,2008-11-13,0.4699999988079071,0.5,0.44999998807907104,0.44999998807907104,181400,SNBR
2231,2008-11-14,0.5199999809265137,0.5199999809265137,0.46000000834465027,0.5099999904632568,76100,SNBR
2232,2008-11-17,0.5099999904632568,0.5099999904632568,0.44999998807907104,0.44999998807907104,154700,SNBR
2233,2008-11-18,0.44999998807907104,0.4699999988079071,0.4000000059604645,0.41999998688697815,143500,SNBR
2234,2008-11-19,0.41999998688697815,0.44999998807907104,0.3799999952316284,0.44999998807907104,271700,SNBR
2235,2008-11-20,0.4399999976158142,0.4399999976158142,0.3199999928474426,0.3499999940395355,349000,SNBR
2236,2008-11-21,0.36000001430511475,0.36000001430511475,0.23000000417232513,0.23999999463558197,5156100,SNBR
2237,2008-11-24,0.33000001311302185,0.33000001311302185,0.20000000298023224,0.20999999344348907,1154200,SNBR
2238,2008-11-25,0.30000001192092896,0.30000001192092896,0.23999999463558197,0.27000001072883606,608100,SNBR
2239,2008-11-26,0.25999999046325684,0.3799999952316284,0.25,0.3199999928474426,688700,SNBR
2240,2008-11-28,0.3499999940395355,0.3700000047683716,0.3100000023841858,0.36000001430511475,517800,SNBR
2241,2008-12-01,0.550000011920929,0.550000011920929,0.3799999952316284,0.4300000071525574,464100,SNBR
2242,2008-12-02,0.38999998569488525,0.38999998569488525,0.3499999940395355,0.3499999940395355,284500,SNBR
2243,2008-12-03,0.38999998569488525,0.38999998569488525,0.3400000035762787,0.3499999940395355,168300,SNBR
2244,2008-12-04,0.3499999940395355,0.38999998569488525,0.33000001311302185,0.33000001311302185,231800,SNBR
2245,2008-12-05,0.33000001311302185,0.33000001311302185,0.2800000011920929,0.28999999165534973,227900,SNBR
2246,2008-12-08,0.3400000035762787,0.3400000035762787,0.27000001072883606,0.28999999165534973,352200,SNBR
2247,2008-12-09,0.28999999165534973,0.3100000023841858,0.23999999463558197,0.28999999165534973,1414200,SNBR
2248,2008-12-10,0.28999999165534973,0.30000001192092896,0.25,0.2800000011920929,386800,SNBR
2249,2008-12-11,0.27000001072883606,0.2800000011920929,0.25,0.25,378500,SNBR
2250,2008-12-12,0.25,0.27000001072883606,0.25,0.25,401700,SNBR
2251,2008-12-15,0.25999999046325684,0.27000001072883606,0.23000000417232513,0.23999999463558197,286700,SNBR
2252,2008-12-16,0.23999999463558197,0.2800000011920929,0.23000000417232513,0.25999999046325684,460300,SNBR
2253,2008-12-17,0.23000000417232513,0.25999999046325684,0.23000000417232513,0.25,527300,SNBR
2254,2008-12-18,0.2800000011920929,0.2800000011920929,0.23999999463558197,0.23999999463558197,300100,SNBR
2255,2008-12-19,0.23999999463558197,0.25,0.1899999976158142,0.1899999976158142,984900,SNBR
2256,2008-12-22,0.20000000298023224,0.2199999988079071,0.20000000298023224,0.20999999344348907,288000,SNBR
2257,2008-12-23,0.20999999344348907,0.2199999988079071,0.20000000298023224,0.20000000298023224,230700,SNBR
2258,2008-12-24,0.20999999344348907,0.20999999344348907,0.20000000298023224,0.20000000298023224,94900,SNBR
2259,2008-12-26,0.20999999344348907,0.23999999463558197,0.20000000298023224,0.23000000417232513,362000,SNBR
2260,2008-12-29,0.23999999463558197,0.25999999046325684,0.23999999463558197,0.25,387400,SNBR
2261,2008-12-30,0.25,0.27000001072883606,0.25,0.25,638200,SNBR
2262,2008-12-31,0.25,0.25999999046325684,0.23999999463558197,0.25,374500,SNBR
2263,2009-01-02,0.25999999046325684,0.27000001072883606,0.25,0.25999999046325684,392200,SNBR
2264,2009-01-05,0.25,0.28999999165534973,0.25,0.25999999046325684,507700,SNBR
2265,2009-01-06,0.27000001072883606,0.36000001430511475,0.27000001072883606,0.3400000035762787,794600,SNBR
2266,2009-01-07,0.3400000035762787,0.3400000035762787,0.3100000023841858,0.33000001311302185,149200,SNBR
2267,2009-01-08,0.33000001311302185,0.36000001430511475,0.33000001311302185,0.36000001430511475,280400,SNBR
2268,2009-01-09,0.36000001430511475,0.46000000834465027,0.36000001430511475,0.4300000071525574,653900,SNBR
2269,2009-01-12,0.4300000071525574,0.4399999976158142,0.33000001311302185,0.3799999952316284,405900,SNBR
2270,2009-01-13,0.3799999952316284,0.3799999952316284,0.33000001311302185,0.33000001311302185,158100,SNBR
2271,2009-01-14,0.33000001311302185,0.3499999940395355,0.30000001192092896,0.33000001311302185,407000,SNBR
2272,2009-01-15,0.3199999928474426,0.3199999928474426,0.25,0.2800000011920929,327400,SNBR
2273,2009-01-16,0.3499999940395355,0.3499999940395355,0.28999999165534973,0.33000001311302185,83200,SNBR
2274,2009-01-20,0.30000001192092896,0.33000001311302185,0.2800000011920929,0.2800000011920929,81600,SNBR
2275,2009-01-21,0.3400000035762787,0.3400000035762787,0.2800000011920929,0.3100000023841858,87300,SNBR
2276,2009-01-22,0.3100000023841858,0.3100000023841858,0.28999999165534973,0.30000001192092896,25100,SNBR
2277,2009-01-23,0.30000001192092896,0.3199999928474426,0.2800000011920929,0.28999999165534973,87200,SNBR
2278,2009-01-26,0.28999999165534973,0.3199999928474426,0.2800000011920929,0.2800000011920929,60100,SNBR
2279,2009-01-27,0.30000001192092896,0.3100000023841858,0.28999999165534973,0.3100000023841858,78900,SNBR
2280,2009-01-28,0.3700000047683716,0.3700000047683716,0.33000001311302185,0.3499999940395355,285700,SNBR
2281,2009-01-29,0.3499999940395355,0.36000001430511475,0.3100000023841858,0.3199999928474426,64500,SNBR
2282,2009-01-30,0.3199999928474426,0.3499999940395355,0.3100000023841858,0.3100000023841858,47600,SNBR
2283,2009-02-02,0.3100000023841858,0.33000001311302185,0.3100000023841858,0.33000001311302185,39200,SNBR
2284,2009-02-03,0.33000001311302185,0.33000001311302185,0.3100000023841858,0.3100000023841858,108100,SNBR
2285,2009-02-04,0.3100000023841858,0.33000001311302185,0.27000001072883606,0.3100000023841858,404100,SNBR
2286,2009-02-05,0.3100000023841858,0.3100000023841858,0.2800000011920929,0.3100000023841858,83100,SNBR
2287,2009-02-06,0.30000001192092896,0.30000001192092896,0.27000001072883606,0.27000001072883606,134500,SNBR
2288,2009-02-09,0.2800000011920929,0.3100000023841858,0.27000001072883606,0.2800000011920929,83800,SNBR
2289,2009-02-10,0.27000001072883606,0.30000001192092896,0.27000001072883606,0.2800000011920929,88200,SNBR
2290,2009-02-11,0.2800000011920929,0.30000001192092896,0.27000001072883606,0.28999999165534973,38800,SNBR
2291,2009-02-12,0.30000001192092896,0.30000001192092896,0.2800000011920929,0.30000001192092896,121800,SNBR
2292,2009-02-13,0.28999999165534973,0.30000001192092896,0.2800000011920929,0.2800000011920929,39900,SNBR
2293,2009-02-17,0.30000001192092896,0.30000001192092896,0.2800000011920929,0.28999999165534973,72700,SNBR
2294,2009-02-18,0.28999999165534973,0.30000001192092896,0.2800000011920929,0.28999999165534973,67000,SNBR
2295,2009-02-19,0.28999999165534973,0.30000001192092896,0.2800000011920929,0.30000001192092896,41000,SNBR
2296,2009-02-20,0.25999999046325684,0.28999999165534973,0.25,0.27000001072883606,159200,SNBR
2297,2009-02-23,0.27000001072883606,0.30000001192092896,0.27000001072883606,0.28999999165534973,169000,SNBR
2298,2009-02-24,0.2800000011920929,0.30000001192092896,0.27000001072883606,0.28999999165534973,118100,SNBR
2299,2009-02-25,0.30000001192092896,0.3100000023841858,0.2800000011920929,0.28999999165534973,89100,SNBR
2300,2009-02-26,0.30000001192092896,0.30000001192092896,0.2800000011920929,0.30000001192092896,131100,SNBR
2301,2009-02-27,0.30000001192092896,0.30000001192092896,0.2800000011920929,0.2800000011920929,52900,SNBR
2302,2009-03-02,0.2800000011920929,0.30000001192092896,0.25,0.28999999165534973,194000,SNBR
2303,2009-03-03,0.28999999165534973,0.28999999165534973,0.20000000298023224,0.23000000417232513,224200,SNBR
2304,2009-03-04,0.23999999463558197,0.25999999046325684,0.2199999988079071,0.2199999988079071,74300,SNBR
2305,2009-03-05,0.2199999988079071,0.2199999988079071,0.20000000298023224,0.20999999344348907,154400,SNBR
2306,2009-03-06,0.20999999344348907,0.2199999988079071,0.20000000298023224,0.20000000298023224,205400,SNBR
2307,2009-03-09,0.20000000298023224,0.25,0.20000000298023224,0.25,146400,SNBR
2308,2009-03-10,0.2199999988079071,0.25999999046325684,0.20000000298023224,0.20999999344348907,348100,SNBR
2309,2009-03-11,0.20000000298023224,0.25999999046325684,0.20000000298023224,0.23000000417232513,223600,SNBR
2310,2009-03-12,0.23000000417232513,0.27000001072883606,0.23000000417232513,0.27000001072883606,136600,SNBR
2311,2009-03-13,0.23000000417232513,0.25999999046325684,0.23000000417232513,0.25,66000,SNBR
2312,2009-03-16,0.25999999046325684,0.27000001072883606,0.23999999463558197,0.27000001072883606,92000,SNBR
2313,2009-03-17,0.25,0.30000001192092896,0.25,0.2800000011920929,88600,SNBR
2314,2009-03-18,0.30000001192092896,0.3100000023841858,0.25999999046325684,0.3100000023841858,151800,SNBR
2315,2009-03-19,0.3100000023841858,0.3100000023841858,0.25999999046325684,0.30000001192092896,229800,SNBR
2316,2009-03-20,0.3199999928474426,0.550000011920929,0.2800000011920929,0.41999998688697815,1328900,SNBR
2317,2009-03-23,0.4000000059604645,0.46000000834465027,0.3799999952316284,0.41999998688697815,329700,SNBR
2318,2009-03-24,0.3700000047683716,0.4399999976158142,0.3700000047683716,0.4300000071525574,191800,SNBR
2319,2009-03-25,0.41999998688697815,0.5699999928474426,0.4099999964237213,0.4099999964237213,675900,SNBR
2320,2009-03-26,0.49000000953674316,0.5099999904632568,0.46000000834465027,0.46000000834465027,358200,SNBR
2321,2009-03-27,0.5,0.6000000238418579,0.4699999988079071,0.6000000238418579,509900,SNBR
2322,2009-03-30,0.5799999833106995,0.6000000238418579,0.550000011920929,0.5600000023841858,196000,SNBR
2323,2009-03-31,0.550000011920929,0.7300000190734863,0.5199999809265137,0.7200000286102295,376600,SNBR
2324,2009-04-01,0.7799999713897705,0.8500000238418579,0.7300000190734863,0.8500000238418579,401100,SNBR
2325,2009-04-02,0.949999988079071,1.0499999523162842,0.8999999761581421,0.9800000190734863,559200,SNBR
2326,2009-04-03,0.9800000190734863,1.0,0.75,0.7699999809265137,857200,SNBR
2327,2009-04-06,0.7699999809265137,0.7699999809265137,0.6000000238418579,0.6200000047683716,438200,SNBR
2328,2009-04-07,0.6000000238418579,0.6800000071525574,0.5400000214576721,0.550000011920929,439400,SNBR
2329,2009-04-08,0.5199999809265137,0.6800000071525574,0.5099999904632568,0.6499999761581421,303000,SNBR
2330,2009-04-09,0.699999988079071,0.800000011920929,0.6499999761581421,0.7699999809265137,376500,SNBR
2331,2009-04-13,0.7799999713897705,0.8500000238418579,0.7699999809265137,0.8100000023841858,231200,SNBR
2332,2009-04-14,0.7699999809265137,0.800000011920929,0.699999988079071,0.699999988079071,147900,SNBR
2333,2009-04-15,0.75,0.75,0.7200000286102295,0.75,61400,SNBR
2334,2009-04-16,0.75,0.8399999737739563,0.7300000190734863,0.8299999833106995,177300,SNBR
2335,2009-04-17,0.8500000238418579,0.8500000238418579,0.75,0.75,229400,SNBR
2336,2009-04-20,0.75,0.7799999713897705,0.6399999856948853,0.75,325400,SNBR
2337,2009-04-21,0.6800000071525574,0.75,0.6800000071525574,0.7200000286102295,95000,SNBR
2338,2009-04-22,0.7300000190734863,0.7799999713897705,0.6899999976158142,0.7699999809265137,91000,SNBR
2339,2009-04-23,0.7699999809265137,0.7699999809265137,0.7200000286102295,0.7200000286102295,82700,SNBR
2340,2009-04-24,0.7200000286102295,0.8199999928474426,0.7200000286102295,0.7799999713897705,120200,SNBR
2341,2009-04-27,0.7599999904632568,0.9200000166893005,0.75,0.8600000143051147,241900,SNBR
2342,2009-04-28,0.8899999856948853,1.059999942779541,0.8799999952316284,1.0199999809265137,663600,SNBR
2343,2009-04-29,1.090000033378601,1.2999999523162842,1.0700000524520874,1.25,953200,SNBR
2344,2009-04-30,1.2999999523162842,1.399999976158142,0.8299999833106995,1.0099999904632568,1154400,SNBR
2345,2009-05-01,0.9800000190734863,1.1299999952316284,0.9800000190734863,1.1200000047683716,373200,SNBR
2346,2009-05-04,1.1799999475479126,1.2100000381469727,1.0499999523162842,1.149999976158142,286400,SNBR
2347,2009-05-05,1.149999976158142,1.149999976158142,1.090000033378601,1.1399999856948853,156400,SNBR
2348,2009-05-06,1.1200000047683716,1.1299999952316284,1.0,1.0,302800,SNBR
2349,2009-05-07,1.0,1.100000023841858,1.0,1.0800000429153442,335400,SNBR
2350,2009-05-08,1.100000023841858,1.100000023841858,1.0299999713897705,1.0800000429153442,207200,SNBR
2351,2009-05-11,1.059999942779541,1.100000023841858,1.0399999618530273,1.090000033378601,191000,SNBR
2352,2009-05-12,1.090000033378601,1.1299999952316284,1.0099999904632568,1.1299999952316284,364000,SNBR
2353,2009-05-13,1.149999976158142,1.149999976158142,1.0199999809265137,1.1299999952316284,384700,SNBR
2354,2009-05-14,1.1100000143051147,1.149999976158142,1.0,1.0,165300,SNBR
2355,2009-05-15,1.0199999809265137,1.090000033378601,1.0,1.0199999809265137,239500,SNBR
2356,2009-05-18,1.0,1.0499999523162842,1.0,1.0,146200,SNBR
2357,2009-05-19,1.0099999904632568,1.0099999904632568,0.8500000238418579,0.9200000166893005,247000,SNBR
2358,2009-05-20,0.9200000166893005,0.9399999976158142,0.7300000190734863,0.8100000023841858,739100,SNBR
2359,2009-05-21,0.8100000023841858,0.8399999737739563,0.800000011920929,0.800000011920929,115000,SNBR
2360,2009-05-22,0.800000011920929,0.8700000047683716,0.7900000214576721,0.800000011920929,161700,SNBR
2361,2009-05-26,0.8600000143051147,1.0700000524520874,0.8600000143051147,1.0,797600,SNBR
2362,2009-05-27,1.0499999523162842,1.0499999523162842,0.9700000286102295,1.0099999904632568,449400,SNBR
2363,2009-05-28,1.0700000524520874,1.0700000524520874,0.8999999761581421,0.949999988079071,291100,SNBR
2364,2009-05-29,0.949999988079071,0.9599999785423279,0.8500000238418579,0.9599999785423279,182900,SNBR
2365,2009-06-01,0.9900000095367432,0.9900000095367432,0.8700000047683716,0.9399999976158142,117100,SNBR
2366,2009-06-02,0.8999999761581421,0.949999988079071,0.8700000047683716,0.9100000262260437,119300,SNBR
2367,2009-06-03,0.8999999761581421,0.9599999785423279,0.8999999761581421,0.9300000071525574,152200,SNBR
2368,2009-06-04,0.9100000262260437,0.9300000071525574,0.8899999856948853,0.8899999856948853,52200,SNBR
2369,2009-06-05,0.9100000262260437,0.9599999785423279,0.9100000262260437,0.949999988079071,156800,SNBR
2370,2009-06-08,0.9300000071525574,0.9700000286102295,0.8999999761581421,0.9100000262260437,114700,SNBR
2371,2009-06-09,0.9100000262260437,0.949999988079071,0.8899999856948853,0.9399999976158142,77100,SNBR
2372,2009-06-10,0.9399999976158142,0.9599999785423279,0.9300000071525574,0.949999988079071,82100,SNBR
2373,2009-06-11,0.949999988079071,0.9599999785423279,0.9100000262260437,0.9599999785423279,120600,SNBR
2374,2009-06-12,0.9700000286102295,0.9700000286102295,0.9100000262260437,0.9100000262260437,32100,SNBR
2375,2009-06-15,0.9200000166893005,0.9399999976158142,0.8999999761581421,0.9100000262260437,116100,SNBR
2376,2009-06-16,0.8999999761581421,0.9300000071525574,0.8700000047683716,0.8799999952316284,78700,SNBR
2377,2009-06-17,0.8799999952316284,0.8899999856948853,0.8299999833106995,0.8700000047683716,176600,SNBR
2378,2009-06-18,0.8399999737739563,0.8700000047683716,0.7900000214576721,0.7900000214576721,642900,SNBR
2379,2009-06-19,0.8199999928474426,0.8199999928474426,0.7799999713897705,0.8199999928474426,102200,SNBR
2380,2009-06-22,0.8399999737739563,0.8399999737739563,0.7300000190734863,0.7400000095367432,246000,SNBR
2381,2009-06-23,0.7200000286102295,0.8199999928474426,0.7200000286102295,0.7599999904632568,190000,SNBR
2382,2009-06-24,0.8700000047683716,0.8700000047683716,0.7900000214576721,0.800000011920929,172600,SNBR
2383,2009-06-25,0.8100000023841858,0.8399999737739563,0.7699999809265137,0.8299999833106995,171900,SNBR
2384,2009-06-26,0.8799999952316284,0.8899999856948853,0.8100000023841858,0.8899999856948853,293200,SNBR
2385,2009-06-29,0.8899999856948853,0.8999999761581421,0.8100000023841858,0.8600000143051147,114000,SNBR
2386,2009-06-30,0.8600000143051147,0.8999999761581421,0.8100000023841858,0.8399999737739563,138100,SNBR
2387,2009-07-01,0.8600000143051147,0.8799999952316284,0.8199999928474426,0.8299999833106995,66400,SNBR
2388,2009-07-02,0.8600000143051147,0.8799999952316284,0.8299999833106995,0.8799999952316284,149600,SNBR
2389,2009-07-06,0.8600000143051147,0.8700000047683716,0.8100000023841858,0.8100000023841858,173100,SNBR
2390,2009-07-07,0.8299999833106995,0.8399999737739563,0.8100000023841858,0.8299999833106995,92800,SNBR
2391,2009-07-08,0.8299999833106995,0.8299999833106995,0.800000011920929,0.800000011920929,18500,SNBR
2392,2009-07-09,0.800000011920929,0.8100000023841858,0.7799999713897705,0.7900000214576721,65300,SNBR
2393,2009-07-10,0.7900000214576721,0.8799999952316284,0.7900000214576721,0.8799999952316284,108000,SNBR
2394,2009-07-13,0.8799999952316284,0.8799999952316284,0.800000011920929,0.800000011920929,66200,SNBR
2395,2009-07-14,0.8100000023841858,0.8899999856948853,0.8100000023841858,0.8899999856948853,27800,SNBR
2396,2009-07-15,0.8799999952316284,0.9100000262260437,0.8299999833106995,0.8299999833106995,101900,SNBR
2397,2009-07-16,0.8399999737739563,0.9399999976158142,0.8399999737739563,0.8999999761581421,109800,SNBR
2398,2009-07-17,0.9399999976158142,0.949999988079071,0.8999999761581421,0.949999988079071,113000,SNBR
2399,2009-07-20,0.949999988079071,0.949999988079071,0.8999999761581421,0.8999999761581421,131400,SNBR
2400,2009-07-21,0.9399999976158142,0.949999988079071,0.8600000143051147,0.8999999761581421,100700,SNBR
2401,2009-07-22,0.8999999761581421,0.949999988079071,0.8700000047683716,0.9399999976158142,114100,SNBR
2402,2009-07-23,0.949999988079071,1.0499999523162842,0.9399999976158142,1.0299999713897705,484600,SNBR
2403,2009-07-24,0.8999999761581421,1.309999942779541,0.8999999761581421,1.25,683700,SNBR
2404,2009-07-27,1.2300000190734863,1.899999976158142,1.2300000190734863,1.8200000524520874,1303600,SNBR
2405,2009-07-28,1.8200000524520874,2.0899999141693115,1.6699999570846558,1.75,1060300,SNBR
2406,2009-07-29,1.7599999904632568,2.0999999046325684,1.75,2.0999999046325684,1604600,SNBR
2407,2009-07-30,2.0899999141693115,2.1500000953674316,1.9800000190734863,2.0799999237060547,731900,SNBR
2408,2009-07-31,2.0999999046325684,2.5,2.069999933242798,2.4600000381469727,1215400,SNBR
2409,2009-08-03,2.5,2.5299999713897705,2.359999895095825,2.4800000190734863,772200,SNBR
2410,2009-08-04,2.4800000190734863,2.4800000190734863,2.2300000190734863,2.299999952316284,645100,SNBR
2411,2009-08-05,2.3499999046325684,2.630000114440918,2.1500000953674316,2.559999942779541,1042800,SNBR
2412,2009-08-06,2.5899999141693115,2.819999933242798,2.4000000953674316,2.799999952316284,1089300,SNBR
2413,2009-08-07,2.799999952316284,2.9100000858306885,2.619999885559082,2.740000009536743,784500,SNBR
2414,2009-08-10,2.619999885559082,2.890000104904175,2.549999952316284,2.7300000190734863,493000,SNBR
2415,2009-08-11,2.7699999809265137,3.0,2.759999990463257,2.880000114440918,559100,SNBR
2416,2009-08-12,2.9200000762939453,3.0,2.9000000953674316,2.9200000762939453,277600,SNBR
2417,2009-08-13,2.9700000286102295,3.0,2.8299999237060547,2.8499999046325684,283200,SNBR
2418,2009-08-14,3.0,3.240000009536743,2.940000057220459,3.109999895095825,1045600,SNBR
2419,2009-08-17,2.990000009536743,3.0299999713897705,2.880000114440918,3.0,666600,SNBR
2420,2009-08-18,3.0,3.2200000286102295,2.9200000762939453,3.0,535800,SNBR
2421,2009-08-19,2.9700000286102295,3.0999999046325684,2.549999952316284,3.049999952316284,503000,SNBR
2422,2009-08-20,3.009999990463257,3.0999999046325684,2.9100000858306885,2.9700000286102295,184700,SNBR
2423,2009-08-21,2.940000057220459,3.0899999141693115,2.6700000762939453,2.7699999809265137,486300,SNBR
2424,2009-08-24,2.7300000190734863,2.930000066757202,2.5199999809265137,2.549999952316284,694300,SNBR
2425,2009-08-25,2.119999885559082,2.680000066757202,2.119999885559082,2.569999933242798,639600,SNBR
2426,2009-08-26,2.559999942779541,2.8299999237060547,2.549999952316284,2.7699999809265137,484700,SNBR
2427,2009-08-27,2.809999942779541,2.8299999237060547,2.559999942779541,2.8299999237060547,808600,SNBR
2428,2009-08-28,3.109999895095825,3.6500000953674316,3.0999999046325684,3.2300000190734863,2324400,SNBR
2429,2009-08-31,3.0999999046325684,3.4600000381469727,3.0899999141693115,3.1600000858306885,663000,SNBR
2430,2009-09-01,3.119999885559082,3.190000057220459,2.799999952316284,2.799999952316284,674600,SNBR
2431,2009-09-02,2.7899999618530273,2.859999895095825,2.5999999046325684,2.7699999809265137,421500,SNBR
2432,2009-09-03,2.640000104904175,2.9200000762939453,2.609999895095825,2.869999885559082,399300,SNBR
2433,2009-09-04,2.8299999237060547,3.200000047683716,2.759999990463257,3.049999952316284,461000,SNBR
2434,2009-09-08,3.049999952316284,3.3299999237060547,3.0,3.2899999618530273,581100,SNBR
2435,2009-09-09,3.2899999618530273,3.5799999237060547,3.25,3.509999990463257,702100,SNBR
2436,2009-09-10,3.549999952316284,3.869999885559082,3.4800000190734863,3.799999952316284,618700,SNBR
2437,2009-09-11,3.8399999141693115,4.380000114440918,3.680000066757202,4.260000228881836,1737300,SNBR
2438,2009-09-14,4.239999771118164,4.699999809265137,4.119999885559082,4.699999809265137,1273500,SNBR
2439,2009-09-15,4.739999771118164,4.909999847412109,4.420000076293945,4.730000019073486,922600,SNBR
2440,2009-09-16,4.769999980926514,4.789999961853027,4.559999942779541,4.710000038146973,717500,SNBR
2441,2009-09-17,4.670000076293945,4.670000076293945,4.519999980926514,4.579999923706055,317200,SNBR
2442,2009-09-18,4.539999961853027,5.0,4.5,4.989999771118164,957000,SNBR
2443,2009-09-21,4.989999771118164,5.099999904632568,4.840000152587891,4.869999885559082,407400,SNBR
2444,2009-09-22,4.909999847412109,5.070000171661377,4.860000133514404,5.0,712600,SNBR
2445,2009-09-23,5.0,5.039999961853027,4.869999885559082,4.900000095367432,496500,SNBR
2446,2009-09-24,4.860000133514404,4.960000038146973,4.570000171661377,4.670000076293945,611500,SNBR
2447,2009-09-25,4.610000133514404,4.78000020980835,4.559999942779541,4.650000095367432,283700,SNBR
2448,2009-09-28,4.650000095367432,4.949999809265137,4.610000133514404,4.880000114440918,323100,SNBR
2449,2009-09-29,4.829999923706055,4.989999771118164,4.829999923706055,4.889999866485596,131900,SNBR
2450,2009-09-30,4.869999885559082,4.889999866485596,4.699999809265137,4.75,214400,SNBR
2451,2009-10-01,4.710000038146973,4.739999771118164,4.5,4.510000228881836,460900,SNBR
2452,2009-10-02,4.480000019073486,4.809999942779541,4.349999904632568,4.730000019073486,535100,SNBR
2453,2009-10-05,4.789999961853027,5.449999809265137,4.71999979019165,5.420000076293945,1537700,SNBR
2454,2009-10-06,5.639999866485596,6.019999980926514,5.599999904632568,5.989999771118164,1742900,SNBR
2455,2009-10-07,5.929999828338623,6.28000020980835,5.920000076293945,6.150000095367432,698000,SNBR
2456,2009-10-08,6.25,6.46999979019165,6.070000171661377,6.099999904632568,757800,SNBR
2457,2009-10-09,6.159999847412109,6.400000095367432,6.159999847412109,6.320000171661377,446600,SNBR
2458,2009-10-12,6.329999923706055,6.570000171661377,6.28000020980835,6.28000020980835,326400,SNBR
2459,2009-10-13,6.079999923706055,6.360000133514404,6.079999923706055,6.329999923706055,683700,SNBR
2460,2009-10-14,6.570000171661377,6.739999771118164,6.400000095367432,6.630000114440918,595500,SNBR
2461,2009-10-15,6.690000057220459,6.690000057220459,6.349999904632568,6.489999771118164,481400,SNBR
2462,2009-10-16,6.400000095367432,6.610000133514404,6.369999885559082,6.429999828338623,291000,SNBR
2463,2009-10-19,6.429999828338623,6.690000057220459,6.210000038146973,6.320000171661377,422300,SNBR
2464,2009-10-20,6.289999961853027,6.349999904632568,5.420000076293945,5.75,1701800,SNBR
2465,2009-10-21,5.71999979019165,6.0,5.690000057220459,5.769999980926514,351300,SNBR
2466,2009-10-22,5.900000095367432,5.900000095367432,5.329999923706055,5.78000020980835,514100,SNBR
2467,2009-10-23,6.25,6.929999828338623,6.230000019073486,6.760000228881836,3322600,SNBR
2468,2009-10-26,6.880000114440918,7.010000228881836,6.449999809265137,6.789999961853027,1068500,SNBR
2469,2009-10-27,6.739999771118164,6.789999961853027,6.130000114440918,6.170000076293945,612200,SNBR
2470,2009-10-28,6.079999923706055,6.079999923706055,5.550000190734863,5.880000114440918,1007300,SNBR
2471,2009-10-29,5.880000114440918,6.099999904632568,5.820000171661377,5.840000152587891,461700,SNBR
2472,2009-10-30,5.800000190734863,5.949999809265137,5.389999866485596,5.46999979019165,464500,SNBR
2473,2009-11-02,5.360000133514404,5.929999828338623,5.349999904632568,5.570000171661377,638400,SNBR
2474,2009-11-03,5.579999923706055,5.820000171661377,5.570000171661377,5.789999961853027,287000,SNBR
2475,2009-11-04,5.800000190734863,5.880000114440918,5.510000228881836,5.519999980926514,201700,SNBR
2476,2009-11-05,5.630000114440918,5.789999961853027,5.539999961853027,5.789999961853027,257400,SNBR
2477,2009-11-06,5.78000020980835,5.800000190734863,5.53000020980835,5.579999923706055,225600,SNBR
2478,2009-11-09,5.699999809265137,5.75,5.199999809265137,5.340000152587891,818900,SNBR
2479,2009-11-10,5.300000190734863,5.400000095367432,5.199999809265137,5.28000020980835,277400,SNBR
2480,2009-11-11,5.400000095367432,5.480000019073486,5.300000190734863,5.349999904632568,274700,SNBR
2481,2009-11-12,5.349999904632568,5.460000038146973,5.130000114440918,5.210000038146973,437500,SNBR
2482,2009-11-13,5.190000057220459,5.300000190734863,4.949999809265137,5.139999866485596,914100,SNBR
2483,2009-11-16,5.03000020980835,5.409999847412109,4.75,4.840000152587891,1025800,SNBR
2484,2009-11-17,4.949999809265137,5.289999961853027,4.900000095367432,5.21999979019165,652300,SNBR
2485,2009-11-18,5.239999771118164,5.329999923706055,5.099999904632568,5.28000020980835,353600,SNBR
2486,2009-11-19,5.5,5.639999866485596,5.349999904632568,5.519999980926514,570300,SNBR
2487,2009-11-20,5.519999980926514,5.570000171661377,5.28000020980835,5.300000190734863,461800,SNBR
2488,2009-11-23,5.360000133514404,5.579999923706055,5.300000190734863,5.389999866485596,420200,SNBR
2489,2009-11-24,5.440000057220459,5.5,5.340000152587891,5.460000038146973,203500,SNBR
2490,2009-11-25,5.480000019073486,5.579999923706055,5.389999866485596,5.429999828338623,211000,SNBR
2491,2009-11-27,5.170000076293945,5.429999828338623,5.03000020980835,5.369999885559082,283200,SNBR
2492,2009-11-30,5.309999942779541,5.360000133514404,4.849999904632568,5.150000095367432,440100,SNBR
2493,2009-12-01,5.170000076293945,5.21999979019165,4.75,4.800000190734863,870200,SNBR
2494,2009-12-02,4.800000190734863,4.949999809265137,4.75,4.760000228881836,301100,SNBR
2495,2009-12-03,4.75,4.920000076293945,4.71999979019165,4.800000190734863,270400,SNBR
2496,2009-12-04,4.829999923706055,5.099999904632568,4.820000171661377,5.059999942779541,288000,SNBR
2497,2009-12-07,5.0,5.190000057220459,4.940000057220459,5.010000228881836,119200,SNBR
2498,2009-12-08,5.199999809265137,5.760000228881836,5.150000095367432,5.639999866485596,1330500,SNBR
2499,2009-12-09,5.639999866485596,5.650000095367432,5.28000020980835,5.610000133514404,501500,SNBR
2500,2009-12-10,5.590000152587891,5.840000152587891,5.519999980926514,5.820000171661377,795500,SNBR
2501,2009-12-11,5.820000171661377,6.210000038146973,5.820000171661377,6.210000038146973,917500,SNBR
2502,2009-12-14,6.21999979019165,6.300000190734863,5.940000057220459,6.230000019073486,704300,SNBR
2503,2009-12-15,6.300000190734863,6.300000190734863,6.019999980926514,6.199999809265137,429900,SNBR
2504,2009-12-16,6.190000057220459,6.300000190734863,6.099999904632568,6.28000020980835,276700,SNBR
2505,2009-12-17,6.289999961853027,6.289999961853027,6.059999942779541,6.139999866485596,249700,SNBR
2506,2009-12-18,6.110000133514404,6.150000095367432,5.840000152587891,6.139999866485596,604700,SNBR
2507,2009-12-21,6.090000152587891,6.409999847412109,6.03000020980835,6.409999847412109,423900,SNBR
2508,2009-12-22,6.369999885559082,6.5,6.25,6.5,286000,SNBR
2509,2009-12-23,6.5,6.590000152587891,6.329999923706055,6.570000171661377,215000,SNBR
2510,2009-12-24,6.519999980926514,6.610000133514404,6.510000228881836,6.579999923706055,64100,SNBR
2511,2009-12-28,6.550000190734863,6.679999828338623,6.510000228881836,6.599999904632568,189700,SNBR
2512,2009-12-29,6.650000095367432,6.699999809265137,6.5,6.599999904632568,237000,SNBR
2513,2009-12-30,6.5,6.579999923706055,6.449999809265137,6.53000020980835,243100,SNBR
2514,2009-12-31,6.46999979019165,6.519999980926514,6.150000095367432,6.519999980926514,347300,SNBR
2515,2010-01-04,6.570000171661377,6.699999809265137,6.409999847412109,6.590000152587891,360500,SNBR
2516,2010-01-05,6.519999980926514,6.619999885559082,6.400000095367432,6.449999809265137,271200,SNBR
2517,2010-01-06,7.0,7.340000152587891,6.699999809265137,7.010000228881836,1298300,SNBR
2518,2010-01-07,7.110000133514404,7.230000019073486,6.909999847412109,7.090000152587891,424700,SNBR
2519,2010-01-08,7.010000228881836,7.070000171661377,6.909999847412109,6.929999828338623,312800,SNBR
2520,2010-01-11,7.03000020980835,7.03000020980835,6.639999866485596,6.800000190734863,325300,SNBR
2521,2010-01-12,6.739999771118164,6.75,6.420000076293945,6.46999979019165,301300,SNBR
2522,2010-01-13,6.5,6.820000171661377,6.340000152587891,6.610000133514404,377400,SNBR
2523,2010-01-14,6.650000095367432,6.800000190734863,6.650000095367432,6.730000019073486,394600,SNBR
2524,2010-01-15,6.699999809265137,6.900000095367432,6.489999771118164,6.809999942779541,730400,SNBR
2525,2010-01-19,6.760000228881836,6.909999847412109,6.730000019073486,6.860000133514404,290600,SNBR
2526,2010-01-20,6.849999904632568,6.849999904632568,6.619999885559082,6.739999771118164,297900,SNBR
2527,2010-01-21,6.710000038146973,6.860000133514404,6.650000095367432,6.800000190734863,609400,SNBR
2528,2010-01-22,6.760000228881836,7.019999980926514,6.71999979019165,6.800000190734863,653500,SNBR
2529,2010-01-25,6.820000171661377,7.050000190734863,6.599999904632568,6.599999904632568,264500,SNBR
2530,2010-01-26,6.599999904632568,6.809999942779541,6.429999828338623,6.650000095367432,262000,SNBR
2531,2010-01-27,6.619999885559082,6.800000190734863,6.539999961853027,6.800000190734863,187700,SNBR
2532,2010-01-28,6.800000190734863,6.820000171661377,6.510000228881836,6.639999866485596,284400,SNBR
2533,2010-01-29,6.619999885559082,6.860000133514404,6.400000095367432,6.46999979019165,341200,SNBR
2534,2010-02-01,6.670000076293945,6.989999771118164,6.519999980926514,6.989999771118164,387900,SNBR
2535,2010-02-02,6.989999771118164,7.789999961853027,6.909999847412109,7.690000057220459,1686000,SNBR
2536,2010-02-03,7.679999828338623,7.880000114440918,7.360000133514404,7.420000076293945,718100,SNBR
2537,2010-02-04,7.340000152587891,7.340000152587891,6.929999828338623,7.130000114440918,581800,SNBR
2538,2010-02-05,7.050000190734863,7.119999885559082,6.789999961853027,7.099999904632568,521600,SNBR
2539,2010-02-08,7.079999923706055,7.46999979019165,6.920000076293945,7.230000019073486,335400,SNBR
2540,2010-02-09,7.340000152587891,7.46999979019165,7.170000076293945,7.360000133514404,379800,SNBR
2541,2010-02-10,7.389999866485596,7.480000019073486,7.25,7.389999866485596,524500,SNBR
2542,2010-02-11,7.380000114440918,7.429999828338623,6.800000190734863,7.320000171661377,750700,SNBR
2543,2010-02-12,7.239999771118164,7.5,7.099999904632568,7.449999809265137,479400,SNBR
2544,2010-02-16,7.5,7.980000019073486,7.380000114440918,7.730000019073486,921200,SNBR
2545,2010-02-17,7.789999961853027,7.949999809265137,7.659999847412109,7.71999979019165,416200,SNBR
2546,2010-02-18,7.670000076293945,7.769999980926514,7.510000228881836,7.539999961853027,392700,SNBR
2547,2010-02-19,7.71999979019165,7.71999979019165,7.409999847412109,7.489999771118164,463900,SNBR
2548,2010-02-22,7.670000076293945,8.0,7.670000076293945,7.800000190734863,946500,SNBR
2549,2010-02-23,7.809999942779541,7.860000133514404,7.599999904632568,7.679999828338623,446000,SNBR
2550,2010-02-24,7.670000076293945,7.889999866485596,7.590000152587891,7.670000076293945,420500,SNBR
2551,2010-02-25,7.630000114440918,7.789999961853027,7.53000020980835,7.739999771118164,392500,SNBR
2552,2010-02-26,7.78000020980835,7.829999923706055,7.639999866485596,7.699999809265137,321900,SNBR
2553,2010-03-01,7.769999980926514,8.100000381469727,7.760000228881836,7.949999809265137,1072400,SNBR
2554,2010-03-02,8.25,8.4399995803833,8.130000114440918,8.180000305175781,1028400,SNBR
2555,2010-03-03,8.25,8.430000305175781,8.1899995803833,8.289999961853027,576500,SNBR
2556,2010-03-04,8.350000381469727,8.399999618530273,8.15999984741211,8.180000305175781,364600,SNBR
2557,2010-03-05,8.25,8.5,8.25,8.5,714000,SNBR
2558,2010-03-08,8.890000343322754,8.949999809265137,8.579999923706055,8.649999618530273,937200,SNBR
2559,2010-03-09,8.65999984741211,8.770000457763672,8.390000343322754,8.5,780300,SNBR
2560,2010-03-10,8.5,8.6899995803833,8.399999618530273,8.489999771118164,596800,SNBR
2561,2010-03-11,8.420000076293945,8.579999923706055,8.319999694824219,8.390000343322754,528900,SNBR
2562,2010-03-12,8.359999656677246,8.5,8.109999656677246,8.210000038146973,461800,SNBR
2563,2010-03-15,8.09000015258789,8.09000015258789,7.0,7.679999828338623,1227200,SNBR
2564,2010-03-16,7.570000171661377,7.880000114440918,7.5,7.829999923706055,557800,SNBR
2565,2010-03-17,7.880000114440918,7.989999771118164,7.820000171661377,7.909999847412109,355700,SNBR
2566,2010-03-18,7.900000095367432,7.96999979019165,7.659999847412109,7.75,591100,SNBR
2567,2010-03-19,7.730000019073486,7.730000019073486,6.860000133514404,6.860000133514404,2600600,SNBR
2568,2010-03-22,6.860000133514404,7.260000228881836,6.699999809265137,7.159999847412109,710200,SNBR
2569,2010-03-23,7.119999885559082,7.340000152587891,7.059999942779541,7.190000057220459,375200,SNBR
2570,2010-03-24,7.170000076293945,7.199999809265137,7.090000152587891,7.170000076293945,261500,SNBR
2571,2010-03-25,7.199999809265137,7.199999809265137,6.53000020980835,6.860000133514404,1176600,SNBR
2572,2010-03-26,6.889999866485596,7.25,6.889999866485596,7.139999866485596,556000,SNBR
2573,2010-03-29,7.400000095367432,7.909999847412109,7.349999904632568,7.900000095367432,947800,SNBR
2574,2010-03-30,7.980000019073486,8.0600004196167,7.650000095367432,8.029999732971191,768200,SNBR
2575,2010-03-31,7.929999828338623,8.180000305175781,7.829999923706055,7.96999979019165,512700,SNBR
2576,2010-04-01,7.989999771118164,8.09000015258789,7.889999866485596,7.960000038146973,314300,SNBR
2577,2010-04-05,8.0,8.220000267028809,7.869999885559082,8.09000015258789,513700,SNBR
2578,2010-04-06,8.020000457763672,8.210000038146973,7.909999847412109,8.109999656677246,588600,SNBR
2579,2010-04-07,8.09000015258789,8.279999732971191,8.010000228881836,8.239999771118164,503500,SNBR
2580,2010-04-08,8.239999771118164,8.40999984741211,8.079999923706055,8.380000114440918,504000,SNBR
2581,2010-04-09,8.399999618530273,8.6899995803833,8.380000114440918,8.640000343322754,371400,SNBR
2582,2010-04-12,8.640000343322754,8.949999809265137,8.640000343322754,8.869999885559082,501700,SNBR
2583,2010-04-13,8.890000343322754,8.899999618530273,8.489999771118164,8.489999771118164,601800,SNBR
2584,2010-04-14,8.460000038146973,8.789999961853027,8.149999618530273,8.779999732971191,706900,SNBR
2585,2010-04-15,8.819999694824219,9.079999923706055,8.670000076293945,9.0,469200,SNBR
2586,2010-04-16,8.9399995803833,8.979999542236328,8.65999984741211,8.699999809265137,417600,SNBR
2587,2010-04-19,8.710000038146973,8.710000038146973,8.199999809265137,8.539999961853027,426300,SNBR
2588,2010-04-20,8.600000381469727,8.649999618530273,8.449999809265137,8.649999618530273,258400,SNBR
2589,2010-04-21,9.0,9.489999771118164,9.0,9.319999694824219,1406800,SNBR
2590,2010-04-22,9.510000228881836,11.270000457763672,9.5,11.180000305175781,2888000,SNBR
2591,2010-04-23,11.329999923706055,12.0600004196167,11.199999809265137,11.380000114440918,1656300,SNBR
2592,2010-04-26,11.680000305175781,12.0,10.819999694824219,10.819999694824219,1329500,SNBR
2593,2010-04-27,10.8100004196167,11.020000457763672,10.399999618530273,10.4399995803833,1157700,SNBR
2594,2010-04-28,10.460000038146973,10.9399995803833,10.449999809265137,10.710000038146973,573300,SNBR
2595,2010-04-29,10.899999618530273,11.890000343322754,10.859999656677246,11.600000381469727,788600,SNBR
2596,2010-04-30,11.609999656677246,11.760000228881836,11.220000267028809,11.319999694824219,506400,SNBR
2597,2010-05-03,11.489999771118164,11.850000381469727,11.359999656677246,11.779999732971191,671400,SNBR
2598,2010-05-04,11.539999961853027,11.539999961853027,11.0,11.119999885559082,624600,SNBR
2599,2010-05-05,10.970000267028809,11.079999923706055,9.680000305175781,10.539999961853027,688500,SNBR
2600,2010-05-06,10.489999771118164,10.890000343322754,9.0,10.220000267028809,769100,SNBR
2601,2010-05-07,10.09000015258789,10.25,9.25,9.5,591000,SNBR
2602,2010-05-10,9.779999732971191,10.3100004196167,9.649999618530273,9.699999809265137,1008600,SNBR
2603,2010-05-11,9.770000457763672,10.039999961853027,9.399999618530273,9.84000015258789,1278600,SNBR
2604,2010-05-12,9.979999542236328,10.699999809265137,9.819999694824219,10.59000015258789,990800,SNBR
2605,2010-05-13,10.65999984741211,11.4399995803833,10.649999618530273,10.880000114440918,705400,SNBR
2606,2010-05-14,10.800000190734863,10.800000190734863,9.760000228881836,10.229999542236328,617400,SNBR
2607,2010-05-17,10.260000228881836,10.5,9.8100004196167,10.489999771118164,429800,SNBR
2608,2010-05-18,10.729999542236328,10.880000114440918,10.039999961853027,10.170000076293945,496800,SNBR
2609,2010-05-19,10.020000457763672,10.289999961853027,9.539999961853027,9.949999809265137,684000,SNBR
2610,2010-05-20,9.489999771118164,9.529999732971191,9.010000228881836,9.170000076293945,721500,SNBR
2611,2010-05-21,8.949999809265137,9.729999542236328,8.5,9.600000381469727,847500,SNBR
2612,2010-05-24,9.550000190734863,10.09000015258789,9.399999618530273,9.670000076293945,439400,SNBR
2613,2010-05-25,9.25,10.0,8.920000076293945,9.930000305175781,572400,SNBR
2614,2010-05-26,9.989999771118164,10.84000015258789,9.970000267028809,10.140000343322754,1828100,SNBR
2615,2010-05-27,10.670000076293945,10.949999809265137,10.329999923706055,10.930000305175781,794300,SNBR
2616,2010-05-28,11.25,11.5600004196167,10.819999694824219,11.220000267028809,1023400,SNBR
2617,2010-06-01,11.229999542236328,11.399999618530273,10.670000076293945,10.710000038146973,698900,SNBR
2618,2010-06-02,10.899999618530273,11.100000381469727,10.220000267028809,10.59000015258789,683600,SNBR
2619,2010-06-03,10.59000015258789,10.779999732971191,10.140000343322754,10.489999771118164,596700,SNBR
2620,2010-06-04,10.029999732971191,10.109999656677246,9.510000228881836,9.75,728400,SNBR
2621,2010-06-07,9.789999961853027,9.930000305175781,9.100000381469727,9.100000381469727,632700,SNBR
2622,2010-06-08,9.350000381469727,9.529999732971191,8.699999809265137,8.930000305175781,831000,SNBR
2623,2010-06-09,8.979999542236328,9.430000305175781,8.609999656677246,8.680000305175781,876500,SNBR
2624,2010-06-10,8.930000305175781,9.380000114440918,8.8100004196167,9.15999984741211,606900,SNBR
2625,2010-06-11,9.010000228881836,9.430000305175781,8.9399995803833,9.369999885559082,289600,SNBR
2626,2010-06-14,9.649999618530273,9.850000381469727,9.4399995803833,9.720000267028809,280000,SNBR
2627,2010-06-15,9.850000381469727,10.239999771118164,9.6899995803833,10.229999542236328,329700,SNBR
2628,2010-06-16,10.170000076293945,10.180000305175781,9.850000381469727,10.079999923706055,383300,SNBR
2629,2010-06-17,10.109999656677246,10.229999542236328,9.829999923706055,10.069999694824219,312600,SNBR
2630,2010-06-18,10.050000190734863,10.260000228881836,9.84000015258789,10.239999771118164,565400,SNBR
2631,2010-06-21,10.300000190734863,10.6899995803833,10.199999809265137,10.350000381469727,776800,SNBR
2632,2010-06-22,10.449999809265137,10.75,10.229999542236328,10.289999961853027,678400,SNBR
2633,2010-06-23,10.319999694824219,10.529999732971191,9.899999618530273,10.050000190734863,665000,SNBR
2634,2010-06-24,9.899999618530273,9.899999618530273,9.210000038146973,9.319999694824219,768100,SNBR
2635,2010-06-25,9.289999961853027,9.619999885559082,8.6899995803833,9.489999771118164,8657600,SNBR
2636,2010-06-28,9.520000457763672,9.869999885559082,9.289999961853027,9.680000305175781,614600,SNBR
2637,2010-06-29,9.479999542236328,9.489999771118164,8.800000190734863,8.890000343322754,1247100,SNBR
2638,2010-06-30,8.8100004196167,9.039999961853027,8.699999809265137,8.75,747600,SNBR
2639,2010-07-01,8.760000228881836,8.949999809265137,8.020000457763672,8.279999732971191,1147700,SNBR
2640,2010-07-02,8.329999923706055,8.649999618530273,8.029999732971191,8.300000190734863,774900,SNBR
2641,2010-07-06,8.470000267028809,8.699999809265137,7.449999809265137,7.550000190734863,1381200,SNBR
2642,2010-07-07,7.539999961853027,8.050000190734863,7.360000133514404,8.039999961853027,855600,SNBR
2643,2010-07-08,8.09000015258789,8.180000305175781,7.849999904632568,8.100000381469727,485800,SNBR
2644,2010-07-09,8.100000381469727,8.460000038146973,7.980000019073486,8.420000076293945,298500,SNBR
2645,2010-07-12,8.350000381469727,8.720000267028809,8.170000076293945,8.270000457763672,411800,SNBR
2646,2010-07-13,8.40999984741211,8.859999656677246,8.380000114440918,8.819999694824219,405700,SNBR
2647,2010-07-14,8.760000228881836,8.859999656677246,8.5,8.569999694824219,424800,SNBR
2648,2010-07-15,8.550000190734863,8.75,8.100000381469727,8.3100004196167,432800,SNBR
2649,2010-07-16,8.270000457763672,8.3100004196167,7.809999942779541,7.849999904632568,732500,SNBR
2650,2010-07-19,7.849999904632568,8.0,7.46999979019165,7.75,662400,SNBR
2651,2010-07-20,7.539999961853027,8.020000457763672,7.400000095367432,7.989999771118164,763600,SNBR
2652,2010-07-21,8.100000381469727,8.220000267028809,7.760000228881836,7.800000190734863,601700,SNBR
2653,2010-07-22,8.1899995803833,8.229999542236328,7.539999961853027,7.869999885559082,1340600,SNBR
2654,2010-07-23,7.78000020980835,8.199999809265137,7.590000152587891,8.1899995803833,719800,SNBR
2655,2010-07-26,8.199999809265137,8.399999618530273,7.840000152587891,8.399999618530273,421200,SNBR
2656,2010-07-27,8.510000228881836,8.930000305175781,8.119999885559082,8.119999885559082,669400,SNBR
2657,2010-07-28,8.119999885559082,8.220000267028809,7.699999809265137,7.820000171661377,512400,SNBR
2658,2010-07-29,7.880000114440918,8.100000381469727,7.650000095367432,7.920000076293945,460100,SNBR
2659,2010-07-30,7.769999980926514,8.09000015258789,7.300000190734863,7.800000190734863,370500,SNBR
2660,2010-08-02,8.0,8.260000228881836,7.860000133514404,8.149999618530273,468600,SNBR
2661,2010-08-03,8.09000015258789,8.170000076293945,7.730000019073486,7.739999771118164,415100,SNBR
2662,2010-08-04,7.809999942779541,7.840000152587891,7.659999847412109,7.75,450200,SNBR
2663,2010-08-05,7.699999809265137,7.730000019073486,7.5,7.659999847412109,475000,SNBR
2664,2010-08-06,7.53000020980835,7.690000057220459,7.349999904632568,7.480000019073486,452300,SNBR
2665,2010-08-09,7.53000020980835,7.630000114440918,7.380000114440918,7.559999942779541,355600,SNBR
2666,2010-08-10,7.449999809265137,7.5,6.739999771118164,6.809999942779541,899500,SNBR
2667,2010-08-11,6.730000019073486,6.829999923706055,6.28000020980835,6.360000133514404,842300,SNBR
2668,2010-08-12,6.210000038146973,6.550000190734863,6.110000133514404,6.5,697600,SNBR
2669,2010-08-13,6.440000057220459,6.610000133514404,6.159999847412109,6.159999847412109,910000,SNBR
2670,2010-08-16,6.130000114440918,6.199999809265137,5.820000171661377,6.03000020980835,861500,SNBR
2671,2010-08-17,6.159999847412109,6.489999771118164,6.119999885559082,6.329999923706055,736400,SNBR
2672,2010-08-18,6.340000152587891,6.5,6.210000038146973,6.349999904632568,490000,SNBR
2673,2010-08-19,6.309999942779541,6.320000171661377,6.150000095367432,6.210000038146973,977700,SNBR
2674,2010-08-20,6.139999866485596,6.190000057220459,6.059999942779541,6.179999828338623,760400,SNBR
2675,2010-08-23,6.21999979019165,6.449999809265137,5.989999771118164,5.989999771118164,637700,SNBR
2676,2010-08-24,5.809999942779541,5.929999828338623,5.179999828338623,5.199999809265137,2289300,SNBR
2677,2010-08-25,5.099999904632568,5.230000019073486,5.019999980926514,5.119999885559082,1364900,SNBR
2678,2010-08-26,5.179999828338623,5.230000019073486,4.929999828338623,4.949999809265137,714400,SNBR
2679,2010-08-27,5.019999980926514,5.289999961853027,4.920000076293945,5.260000228881836,1203900,SNBR
2680,2010-08-30,5.239999771118164,5.460000038146973,5.03000020980835,5.03000020980835,601400,SNBR
2681,2010-08-31,5.039999961853027,5.489999771118164,5.039999961853027,5.369999885559082,1280500,SNBR
2682,2010-09-01,5.550000190734863,5.869999885559082,5.389999866485596,5.829999923706055,983100,SNBR
2683,2010-09-02,5.5,5.960000038146973,5.329999923706055,5.920000076293945,1145700,SNBR
2684,2010-09-03,6.050000190734863,6.389999866485596,6.050000190734863,6.320000171661377,817300,SNBR
2685,2010-09-07,6.269999980926514,6.269999980926514,5.869999885559082,5.880000114440918,732000,SNBR
2686,2010-09-08,5.920000076293945,6.179999828338623,5.920000076293945,6.099999904632568,488500,SNBR
2687,2010-09-09,6.289999961853027,6.289999961853027,5.760000228881836,5.829999923706055,609000,SNBR
2688,2010-09-10,5.869999885559082,6.03000020980835,5.860000133514404,5.900000095367432,352100,SNBR
2689,2010-09-13,6.019999980926514,6.300000190734863,5.920000076293945,6.269999980926514,1007600,SNBR
2690,2010-09-14,6.210000038146973,6.360000133514404,6.150000095367432,6.150000095367432,350200,SNBR
2691,2010-09-15,6.150000095367432,6.150000095367432,5.809999942779541,5.900000095367432,426200,SNBR
2692,2010-09-16,5.869999885559082,6.010000228881836,5.829999923706055,5.849999904632568,487700,SNBR
2693,2010-09-17,5.949999809265137,5.96999979019165,5.800000190734863,5.940000057220459,539800,SNBR
2694,2010-09-20,5.860000133514404,6.449999809265137,5.860000133514404,6.449999809265137,965700,SNBR
2695,2010-09-21,6.480000019073486,6.769999980926514,6.300000190734863,6.369999885559082,1285000,SNBR
2696,2010-09-22,6.289999961853027,6.389999866485596,5.989999771118164,6.099999904632568,551900,SNBR
2697,2010-09-23,6.099999904632568,6.579999923706055,6.03000020980835,6.309999942779541,878600,SNBR
2698,2010-09-24,6.429999828338623,6.539999961853027,6.320000171661377,6.539999961853027,637100,SNBR
2699,2010-09-27,6.559999942779541,7.03000020980835,6.539999961853027,6.929999828338623,691000,SNBR
2700,2010-09-28,7.010000228881836,7.090000152587891,6.690000057220459,7.03000020980835,651100,SNBR
2701,2010-09-29,7.099999904632568,7.119999885559082,6.820000171661377,7.090000152587891,474500,SNBR
2702,2010-09-30,7.170000076293945,7.179999828338623,6.75,6.78000020980835,681000,SNBR
2703,2010-10-01,6.880000114440918,7.039999961853027,6.679999828338623,6.949999809265137,371000,SNBR
2704,2010-10-04,6.909999847412109,6.929999828338623,6.599999904632568,6.639999866485596,421800,SNBR
2705,2010-10-05,6.769999980926514,6.980000019073486,6.690000057220459,6.829999923706055,425100,SNBR
2706,2010-10-06,6.829999923706055,6.860000133514404,6.699999809265137,6.809999942779541,302000,SNBR
2707,2010-10-07,6.880000114440918,6.96999979019165,6.699999809265137,6.849999904632568,320100,SNBR
2708,2010-10-08,6.869999885559082,7.119999885559082,6.820000171661377,7.039999961853027,346100,SNBR
2709,2010-10-11,7.019999980926514,7.099999904632568,6.849999904632568,6.880000114440918,191200,SNBR
2710,2010-10-12,6.829999923706055,6.96999979019165,6.710000038146973,6.809999942779541,333400,SNBR
2711,2010-10-13,6.880000114440918,7.300000190734863,6.769999980926514,7.079999923706055,547200,SNBR
2712,2010-10-14,7.110000133514404,7.21999979019165,6.699999809265137,6.849999904632568,515600,SNBR
2713,2010-10-15,6.980000019073486,7.070000171661377,6.860000133514404,7.03000020980835,462100,SNBR
2714,2010-10-18,7.039999961853027,7.230000019073486,6.960000038146973,7.21999979019165,383900,SNBR
2715,2010-10-19,7.039999961853027,7.090000152587891,6.659999847412109,6.75,565800,SNBR
2716,2010-10-20,6.75,6.880000114440918,6.630000114440918,6.679999828338623,726400,SNBR
2717,2010-10-21,7.800000190734863,7.980000019073486,7.5,7.869999885559082,2989500,SNBR
2718,2010-10-22,7.909999847412109,8.289999961853027,7.860000133514404,8.239999771118164,1328400,SNBR
2719,2010-10-25,8.300000190734863,8.600000381469727,8.300000190734863,8.489999771118164,910000,SNBR
2720,2010-10-26,8.380000114440918,8.890000343322754,8.279999732971191,8.84000015258789,715900,SNBR
2721,2010-10-27,8.710000038146973,8.8100004196167,8.359999656677246,8.520000457763672,881400,SNBR
2722,2010-10-28,8.619999885559082,8.729999542236328,8.359999656677246,8.369999885559082,609000,SNBR
2723,2010-10-29,8.300000190734863,8.460000038146973,8.149999618530273,8.3100004196167,370400,SNBR
2724,2010-11-01,8.369999885559082,8.59000015258789,8.119999885559082,8.15999984741211,450100,SNBR
2725,2010-11-02,8.300000190734863,8.5,8.1899995803833,8.479999542236328,480400,SNBR
2726,2010-11-03,8.470000267028809,8.579999923706055,8.350000381469727,8.5,451800,SNBR
2727,2010-11-04,8.619999885559082,8.920000076293945,8.529999732971191,8.90999984741211,627600,SNBR
2728,2010-11-05,8.920000076293945,8.920000076293945,8.65999984741211,8.789999961853027,444800,SNBR
2729,2010-11-08,8.75,8.920000076293945,8.640000343322754,8.859999656677246,377700,SNBR
2730,2010-11-09,8.84000015258789,8.899999618530273,8.430000305175781,8.489999771118164,486500,SNBR
2731,2010-11-10,8.390000343322754,8.729999542236328,8.25,8.699999809265137,346200,SNBR
2732,2010-11-11,8.579999923706055,8.630000114440918,8.420000076293945,8.470000267028809,251200,SNBR
2733,2010-11-12,8.210000038146973,8.369999885559082,7.96999979019165,8.1899995803833,627000,SNBR
2734,2010-11-15,8.25,8.449999809265137,8.15999984741211,8.199999809265137,286500,SNBR
2735,2010-11-16,8.050000190734863,8.220000267028809,7.789999961853027,7.829999923706055,717000,SNBR
2736,2010-11-17,7.869999885559082,8.010000228881836,7.710000038146973,7.949999809265137,353200,SNBR
2737,2010-11-18,8.0600004196167,8.449999809265137,8.0600004196167,8.369999885559082,463100,SNBR
2738,2010-11-19,8.380000114440918,8.550000190734863,8.079999923706055,8.470000267028809,375700,SNBR
2739,2010-11-22,8.420000076293945,8.479999542236328,8.199999809265137,8.470000267028809,284100,SNBR
2740,2010-11-23,8.279999732971191,8.460000038146973,8.09000015258789,8.449999809265137,323700,SNBR
2741,2010-11-24,8.579999923706055,9.25,8.579999923706055,9.130000114440918,3218900,SNBR
2742,2010-11-26,9.0,9.369999885559082,8.710000038146973,9.050000190734863,390800,SNBR
2743,2010-11-29,8.960000038146973,9.039999961853027,8.579999923706055,8.899999618530273,800200,SNBR
2744,2010-11-30,8.710000038146973,8.84000015258789,8.4399995803833,8.789999961853027,979400,SNBR
2745,2010-12-01,9.039999961853027,9.279999732971191,8.8100004196167,8.960000038146973,477700,SNBR
2746,2010-12-02,9.039999961853027,9.170000076293945,8.869999885559082,9.09000015258789,384200,SNBR
2747,2010-12-03,8.989999771118164,9.069999694824219,8.880000114440918,8.970000267028809,217800,SNBR
2748,2010-12-06,8.920000076293945,9.199999809265137,8.920000076293945,9.109999656677246,313300,SNBR
2749,2010-12-07,9.260000228881836,9.300000190734863,9.09000015258789,9.09000015258789,430600,SNBR
2750,2010-12-08,9.140000343322754,9.210000038146973,8.930000305175781,8.979999542236328,291500,SNBR
2751,2010-12-09,9.069999694824219,9.130000114440918,8.869999885559082,8.930000305175781,353400,SNBR
2752,2010-12-10,8.9399995803833,9.25,8.829999923706055,9.180000305175781,605000,SNBR
2753,2010-12-13,9.239999771118164,9.239999771118164,8.90999984741211,8.970000267028809,409400,SNBR
2754,2010-12-14,8.979999542236328,9.119999885559082,8.850000381469727,8.90999984741211,277400,SNBR
2755,2010-12-15,8.920000076293945,8.970000267028809,8.579999923706055,8.65999984741211,845500,SNBR
2756,2010-12-16,8.6899995803833,9.0600004196167,8.6899995803833,9.020000457763672,451000,SNBR
2757,2010-12-17,9.069999694824219,9.069999694824219,8.729999542236328,9.0,644600,SNBR
2758,2010-12-20,9.010000228881836,9.229999542236328,8.979999542236328,9.170000076293945,466100,SNBR
2759,2010-12-21,9.220000267028809,9.329999923706055,9.109999656677246,9.25,540800,SNBR
2760,2010-12-22,9.25,9.300000190734863,9.109999656677246,9.25,271600,SNBR
2761,2010-12-23,9.279999732971191,9.300000190734863,9.15999984741211,9.25,193100,SNBR
2762,2010-12-27,9.210000038146973,9.279999732971191,9.15999984741211,9.270000457763672,155900,SNBR
2763,2010-12-28,9.289999961853027,9.300000190734863,9.199999809265137,9.220000267028809,307000,SNBR
2764,2010-12-29,9.220000267028809,9.479999542236328,9.180000305175781,9.210000038146973,299100,SNBR
2765,2010-12-30,9.229999542236328,9.239999771118164,9.010000228881836,9.130000114440918,277900,SNBR
2766,2010-12-31,9.09000015258789,9.270000457763672,8.979999542236328,9.130000114440918,227500,SNBR
2767,2011-01-03,9.270000457763672,10.0,9.220000267028809,9.850000381469727,998900,SNBR
2768,2011-01-04,9.859999656677246,9.920000076293945,9.6899995803833,9.859999656677246,706100,SNBR
2769,2011-01-05,9.819999694824219,10.5,9.760000228881836,10.1899995803833,778600,SNBR
2770,2011-01-06,10.180000305175781,10.489999771118164,10.020000457763672,10.420000076293945,551000,SNBR
2771,2011-01-07,10.399999618530273,10.789999961853027,10.210000038146973,10.460000038146973,882200,SNBR
2772,2011-01-10,10.350000381469727,10.5600004196167,10.010000228881836,10.4399995803833,385600,SNBR
2773,2011-01-11,10.5,10.520000457763672,10.180000305175781,10.270000457763672,295600,SNBR
2774,2011-01-12,10.380000114440918,10.470000267028809,10.220000267028809,10.449999809265137,315300,SNBR
2775,2011-01-13,10.449999809265137,10.449999809265137,10.270000457763672,10.319999694824219,268700,SNBR
2776,2011-01-14,10.319999694824219,10.460000038146973,10.260000228881836,10.369999885559082,280000,SNBR
2777,2011-01-18,10.319999694824219,10.359999656677246,10.0600004196167,10.079999923706055,270100,SNBR
2778,2011-01-19,10.050000190734863,10.100000381469727,9.600000381469727,9.84000015258789,609400,SNBR
2779,2011-01-20,9.770000457763672,9.850000381469727,9.529999732971191,9.640000343322754,330000,SNBR
2780,2011-01-21,9.75,10.449999809265137,9.6899995803833,10.260000228881836,540800,SNBR
2781,2011-01-24,10.239999771118164,10.6899995803833,10.239999771118164,10.390000343322754,338400,SNBR
2782,2011-01-25,10.34000015258789,10.529999732971191,10.25,10.479999542236328,552400,SNBR
2783,2011-01-26,10.489999771118164,10.75,10.300000190734863,10.640000343322754,624900,SNBR
2784,2011-01-27,10.649999618530273,10.649999618530273,10.399999618530273,10.510000228881836,362000,SNBR
2785,2011-01-28,10.460000038146973,10.479999542236328,10.029999732971191,10.029999732971191,493200,SNBR
2786,2011-01-31,10.109999656677246,10.319999694824219,9.930000305175781,10.15999984741211,466400,SNBR
2787,2011-02-01,10.279999732971191,10.399999618530273,10.109999656677246,10.149999618530273,644300,SNBR
2788,2011-02-02,10.100000381469727,10.180000305175781,9.8100004196167,9.880000114440918,572700,SNBR
2789,2011-02-03,9.829999923706055,10.119999885559082,9.770000457763672,10.039999961853027,1182200,SNBR
2790,2011-02-04,10.079999923706055,10.350000381469727,9.989999771118164,10.149999618530273,399800,SNBR
2791,2011-02-07,10.180000305175781,10.3100004196167,10.079999923706055,10.229999542236328,551700,SNBR
2792,2011-02-08,10.25,10.369999885559082,10.149999618530273,10.210000038146973,690400,SNBR
2793,2011-02-09,10.199999809265137,10.670000076293945,10.100000381469727,10.489999771118164,1210000,SNBR
2794,2011-02-10,11.600000381469727,11.989999771118164,11.25,11.680000305175781,3095800,SNBR
2795,2011-02-11,11.300000190734863,11.8100004196167,11.300000190734863,11.6899995803833,727700,SNBR
2796,2011-02-14,11.199999809265137,11.75,11.199999809265137,11.229999542236328,736600,SNBR
2797,2011-02-15,11.119999885559082,11.289999961853027,10.989999771118164,11.220000267028809,638500,SNBR
2798,2011-02-16,11.260000228881836,11.5,11.149999618530273,11.460000038146973,520200,SNBR
2799,2011-02-17,11.449999809265137,11.850000381469727,11.260000228881836,11.739999771118164,591200,SNBR
2800,2011-02-18,11.770000457763672,11.850000381469727,11.520000457763672,11.670000076293945,441400,SNBR
2801,2011-02-22,11.40999984741211,11.550000190734863,11.130000114440918,11.15999984741211,565500,SNBR
2802,2011-02-23,11.1899995803833,11.300000190734863,10.670000076293945,10.899999618530273,652600,SNBR
2803,2011-02-24,10.890000343322754,11.050000190734863,10.65999984741211,10.989999771118164,443800,SNBR
2804,2011-02-25,11.039999961853027,11.40999984741211,11.010000228881836,11.390000343322754,357100,SNBR
2805,2011-02-28,11.380000114440918,11.390000343322754,10.880000114440918,11.130000114440918,484300,SNBR
2806,2011-03-01,11.170000076293945,11.229999542236328,10.630000114440918,10.739999771118164,986400,SNBR
2807,2011-03-02,10.720000267028809,11.140000343322754,10.710000038146973,11.069999694824219,495200,SNBR
2808,2011-03-03,11.199999809265137,11.739999771118164,11.180000305175781,11.470000267028809,703300,SNBR
2809,2011-03-04,11.449999809265137,12.100000381469727,11.289999961853027,12.09000015258789,1328500,SNBR
2810,2011-03-07,12.109999656677246,12.390000343322754,12.010000228881836,12.180000305175781,1517400,SNBR
2811,2011-03-08,12.1899995803833,12.229999542236328,11.600000381469727,12.170000076293945,689000,SNBR
2812,2011-03-09,12.149999618530273,12.609999656677246,11.899999618530273,12.4399995803833,587300,SNBR
2813,2011-03-10,12.170000076293945,12.1899995803833,11.640000343322754,11.770000457763672,727400,SNBR
2814,2011-03-11,11.699999809265137,11.859999656677246,11.0,11.550000190734863,869700,SNBR
2815,2011-03-14,11.390000343322754,11.949999809265137,11.050000190734863,11.789999961853027,671100,SNBR
2816,2011-03-15,11.220000267028809,11.75,11.0,11.569999694824219,531500,SNBR
2817,2011-03-16,11.529999732971191,11.9399995803833,11.460000038146973,11.770000457763672,666300,SNBR
2818,2011-03-17,12.0,12.09000015258789,11.739999771118164,11.930000305175781,528000,SNBR
2819,2011-03-18,12.130000114440918,12.130000114440918,11.539999961853027,11.619999885559082,3144900,SNBR
2820,2011-03-21,11.880000114440918,11.9399995803833,11.109999656677246,11.619999885559082,749600,SNBR
2821,2011-03-22,11.59000015258789,11.6899995803833,11.199999809265137,11.40999984741211,539100,SNBR
2822,2011-03-23,11.350000381469727,11.59000015258789,11.270000457763672,11.430000305175781,461100,SNBR
2823,2011-03-24,11.5,11.720000267028809,11.319999694824219,11.609999656677246,354900,SNBR
2824,2011-03-25,11.670000076293945,11.989999771118164,11.550000190734863,11.899999618530273,451300,SNBR
2825,2011-03-28,11.9399995803833,12.0600004196167,11.75,11.770000457763672,275500,SNBR
2826,2011-03-29,11.399999618530273,12.09000015258789,11.399999618530273,11.989999771118164,271100,SNBR
2827,2011-03-30,12.029999732971191,12.279999732971191,11.979999542236328,12.229999542236328,447100,SNBR
2828,2011-03-31,12.15999984741211,12.210000038146973,11.899999618530273,12.0600004196167,254800,SNBR
2829,2011-04-01,12.170000076293945,12.770000457763672,12.0600004196167,12.40999984741211,715700,SNBR
2830,2011-04-04,12.449999809265137,12.489999771118164,12.130000114440918,12.1899995803833,290000,SNBR
2831,2011-04-05,12.140000343322754,12.789999961853027,12.140000343322754,12.779999732971191,354800,SNBR
2832,2011-04-06,12.84000015258789,12.9399995803833,12.430000305175781,12.84000015258789,617400,SNBR
2833,2011-04-07,12.829999923706055,12.84000015258789,12.210000038146973,12.350000381469727,508500,SNBR
2834,2011-04-08,12.819999694824219,13.289999961853027,12.4399995803833,12.5600004196167,1088100,SNBR
2835,2011-04-11,12.579999923706055,12.729999542236328,12.359999656677246,12.470000267028809,479900,SNBR
2836,2011-04-12,12.300000190734863,12.369999885559082,11.880000114440918,12.09000015258789,692900,SNBR
2837,2011-04-13,12.220000267028809,12.34000015258789,12.0,12.270000457763672,282900,SNBR
2838,2011-04-14,12.130000114440918,12.430000305175781,11.9399995803833,12.359999656677246,336800,SNBR
2839,2011-04-15,12.319999694824219,12.710000038146973,12.180000305175781,12.630000114440918,1845100,SNBR
2840,2011-04-18,12.399999618530273,12.539999961853027,12.260000228881836,12.279999732971191,447800,SNBR
2841,2011-04-19,12.369999885559082,12.640000343322754,12.220000267028809,12.630000114440918,635200,SNBR
2842,2011-04-20,12.920000076293945,13.539999961853027,12.6899995803833,13.270000457763672,1894500,SNBR
2843,2011-04-21,16.0,17.5,15.09000015258789,17.290000915527344,6312200,SNBR
2844,2011-04-25,17.030000686645508,17.299999237060547,16.209999084472656,16.5,2076800,SNBR
2845,2011-04-26,16.65999984741211,16.959999084472656,16.31999969482422,16.450000762939453,957100,SNBR
2846,2011-04-27,16.579999923706055,16.639999389648438,15.920000076293945,16.43000030517578,1220800,SNBR
2847,2011-04-28,16.5,16.639999389648438,15.649999618530273,15.819999694824219,1200000,SNBR
2848,2011-04-29,15.960000038146973,16.079999923706055,15.699999809265137,15.869999885559082,853000,SNBR
2849,2011-05-02,16.0,16.200000762939453,15.130000114440918,15.630000114440918,938600,SNBR
2850,2011-05-03,16.149999618530273,16.329999923706055,16.020000457763672,16.100000381469727,2800000,SNBR
2851,2011-05-04,16.149999618530273,16.299999237060547,15.8100004196167,16.18000030517578,1137200,SNBR
2852,2011-05-05,16.059999465942383,16.760000228881836,16.049999237060547,16.559999465942383,8900200,SNBR
2853,2011-05-06,16.459999084472656,16.989999771118164,16.459999084472656,16.600000381469727,1290100,SNBR
2854,2011-05-09,16.68000030517578,17.290000915527344,16.299999237060547,17.020000457763672,931600,SNBR
2855,2011-05-10,17.09000015258789,17.84000015258789,16.989999771118164,17.59000015258789,1074700,SNBR
2856,2011-05-11,17.540000915527344,17.860000610351562,17.030000686645508,17.34000015258789,650000,SNBR
2857,2011-05-12,17.219999313354492,17.489999771118164,16.950000762939453,17.40999984741211,530000,SNBR
2858,2011-05-13,17.420000076293945,17.459999084472656,16.920000076293945,17.200000762939453,500700,SNBR
2859,2011-05-16,17.040000915527344,17.200000762939453,16.360000610351562,16.440000534057617,850800,SNBR
2860,2011-05-17,16.290000915527344,16.329999923706055,15.800000190734863,16.239999771118164,628900,SNBR
2861,2011-05-18,16.15999984741211,16.90999984741211,16.030000686645508,16.690000534057617,669700,SNBR
2862,2011-05-19,16.850000381469727,16.899999618530273,16.40999984741211,16.700000762939453,425000,SNBR
2863,2011-05-20,16.559999465942383,16.559999465942383,16.09000015258789,16.299999237060547,755100,SNBR
2864,2011-05-23,15.979999542236328,16.1200008392334,15.609999656677246,15.789999961853027,750400,SNBR
2865,2011-05-24,15.899999618530273,15.899999618530273,15.369999885559082,15.710000038146973,793600,SNBR
2866,2011-05-25,15.65999984741211,16.239999771118164,15.430000305175781,16.15999984741211,780100,SNBR
2867,2011-05-26,15.920000076293945,16.760000228881836,15.800000190734863,16.229999542236328,816100,SNBR
2868,2011-05-27,16.290000915527344,16.3799991607666,15.979999542236328,16.190000534057617,780900,SNBR
2869,2011-05-31,16.469999313354492,16.5,15.949999809265137,16.34000015258789,910800,SNBR
2870,2011-06-01,16.399999618530273,16.8799991607666,16.190000534057617,16.31999969482422,1433500,SNBR
2871,2011-06-02,16.299999237060547,16.3799991607666,15.539999961853027,15.930000305175781,960000,SNBR
2872,2011-06-03,15.640000343322754,15.880000114440918,15.479999542236328,15.6899995803833,685600,SNBR
2873,2011-06-06,15.6899995803833,15.710000038146973,14.949999809265137,15.020000457763672,835700,SNBR
2874,2011-06-07,15.149999618530273,15.229999542236328,14.619999885559082,14.75,842200,SNBR
2875,2011-06-08,14.680000305175781,14.729999542236328,14.0600004196167,14.0600004196167,788600,SNBR
2876,2011-06-09,14.149999618530273,14.739999771118164,14.010000228881836,14.640000343322754,788400,SNBR
2877,2011-06-10,14.550000190734863,14.579999923706055,14.09000015258789,14.4399995803833,855800,SNBR
2878,2011-06-13,14.40999984741211,14.739999771118164,14.069999694824219,14.300000190734863,736900,SNBR
2879,2011-06-14,14.4399995803833,15.5600004196167,14.4399995803833,15.420000076293945,988100,SNBR
2880,2011-06-15,15.1899995803833,15.3100004196167,14.699999809265137,14.880000114440918,731600,SNBR
2881,2011-06-16,15.0,15.170000076293945,14.65999984741211,15.010000228881836,756800,SNBR
2882,2011-06-17,15.180000305175781,16.0,14.970000267028809,15.699999809265137,2651600,SNBR
2883,2011-06-20,15.619999885559082,16.579999923706055,15.510000228881836,16.479999542236328,929900,SNBR
2884,2011-06-21,16.489999771118164,17.25,16.389999389648438,17.09000015258789,1507500,SNBR
2885,2011-06-22,17.059999465942383,17.350000381469727,16.610000610351562,16.709999084472656,740000,SNBR
2886,2011-06-23,16.450000762939453,17.010000228881836,16.059999465942383,16.959999084472656,994300,SNBR
2887,2011-06-24,17.010000228881836,17.25,16.850000381469727,17.040000915527344,1096100,SNBR
2888,2011-06-27,17.170000076293945,17.219999313354492,16.860000610351562,17.020000457763672,575800,SNBR
2889,2011-06-28,17.059999465942383,17.549999237060547,16.860000610351562,17.530000686645508,1225900,SNBR
2890,2011-06-29,17.709999084472656,18.299999237060547,17.540000915527344,17.8799991607666,1357100,SNBR
2891,2011-06-30,17.950000762939453,18.309999465942383,17.8799991607666,17.979999542236328,620800,SNBR
2892,2011-07-01,18.030000686645508,18.56999969482422,17.780000686645508,18.40999984741211,787200,SNBR
2893,2011-07-05,18.43000030517578,18.700000762939453,18.190000534057617,18.3700008392334,606200,SNBR
2894,2011-07-06,18.360000610351562,18.850000381469727,18.25,18.739999771118164,580000,SNBR
2895,2011-07-07,18.850000381469727,19.229999542236328,18.760000228881836,18.860000610351562,693400,SNBR
2896,2011-07-08,18.510000228881836,18.770000457763672,18.020000457763672,18.600000381469727,957000,SNBR
2897,2011-07-11,18.149999618530273,18.6299991607666,17.739999771118164,17.940000534057617,704300,SNBR
2898,2011-07-12,17.790000915527344,17.979999542236328,17.600000381469727,17.700000762939453,512600,SNBR
2899,2011-07-13,17.790000915527344,18.549999237060547,17.790000915527344,18.270000457763672,732600,SNBR
2900,2011-07-14,18.309999465942383,18.489999771118164,17.510000228881836,18.0,777800,SNBR
2901,2011-07-15,18.09000015258789,18.389999389648438,17.8700008392334,18.020000457763672,552800,SNBR
2902,2011-07-18,17.989999771118164,17.989999771118164,17.270000457763672,17.450000762939453,556900,SNBR
2903,2011-07-19,17.65999984741211,18.299999237060547,17.649999618530273,18.190000534057617,988100,SNBR
2904,2011-07-20,18.229999542236328,18.299999237060547,17.65999984741211,18.18000030517578,1454200,SNBR
2905,2011-07-21,18.530000686645508,18.670000076293945,16.920000076293945,17.65999984741211,3904400,SNBR
2906,2011-07-22,17.700000762939453,18.200000762939453,17.440000534057617,17.989999771118164,1299100,SNBR
2907,2011-07-25,17.639999389648438,17.799999237060547,17.34000015258789,17.450000762939453,845100,SNBR
2908,2011-07-26,17.479999542236328,17.530000686645508,16.739999771118164,17.149999618530273,816900,SNBR
2909,2011-07-27,17.0,17.040000915527344,16.219999313354492,16.329999923706055,1024500,SNBR
2910,2011-07-28,16.280000686645508,16.81999969482422,15.920000076293945,15.949999809265137,912400,SNBR
2911,2011-07-29,15.729999542236328,17.030000686645508,15.359999656677246,16.81999969482422,952800,SNBR
2912,2011-08-01,16.719999313354492,16.81999969482422,15.90999984741211,16.200000762939453,909100,SNBR
2913,2011-08-02,16.100000381469727,16.729999542236328,15.170000076293945,15.170000076293945,1015300,SNBR
2914,2011-08-03,15.25,15.449999809265137,14.5,15.289999961853027,1040400,SNBR
2915,2011-08-04,15.039999961853027,15.25,13.899999618530273,13.899999618530273,1058400,SNBR
2916,2011-08-05,14.0600004196167,14.359999656677246,13.020000457763672,13.720000267028809,2040400,SNBR
2917,2011-08-08,13.210000038146973,13.479999542236328,11.9399995803833,12.199999809265137,1810500,SNBR
2918,2011-08-09,12.520000457763672,13.630000114440918,11.890000343322754,13.619999885559082,1383200,SNBR
2919,2011-08-10,13.15999984741211,13.859999656677246,12.699999809265137,13.210000038146973,1463700,SNBR
2920,2011-08-11,13.3100004196167,14.430000305175781,13.260000228881836,13.90999984741211,1011300,SNBR
2921,2011-08-12,14.170000076293945,14.729999542236328,13.75,14.680000305175781,728100,SNBR
2922,2011-08-15,14.859999656677246,15.279999732971191,14.760000228881836,15.25,719400,SNBR
2923,2011-08-16,14.949999809265137,15.100000381469727,14.579999923706055,14.850000381469727,904600,SNBR
2924,2011-08-17,14.90999984741211,15.149999618530273,14.069999694824219,14.15999984741211,607400,SNBR
2925,2011-08-18,13.569999694824219,13.680000305175781,12.760000228881836,12.930000305175781,1015600,SNBR
2926,2011-08-19,12.569999694824219,13.609999656677246,12.569999694824219,12.859999656677246,1212100,SNBR
2927,2011-08-22,13.3100004196167,13.430000305175781,12.8100004196167,13.010000228881836,650900,SNBR
2928,2011-08-23,13.020000457763672,13.930000305175781,12.979999542236328,13.90999984741211,615100,SNBR
2929,2011-08-24,13.899999618530273,14.800000190734863,13.6899995803833,14.539999961853027,1063400,SNBR
2930,2011-08-25,14.670000076293945,14.789999961853027,13.960000038146973,14.15999984741211,952200,SNBR
2931,2011-08-26,13.930000305175781,14.850000381469727,13.84000015258789,14.770000457763672,678700,SNBR
2932,2011-08-29,15.0,15.680000305175781,14.770000457763672,15.670000076293945,887500,SNBR
2933,2011-08-30,15.5,16.520000457763672,15.140000343322754,16.3700008392334,1179700,SNBR
2934,2011-08-31,16.6200008392334,17.100000381469727,15.5,15.880000114440918,1050900,SNBR
2935,2011-09-01,15.829999923706055,16.3799991607666,15.239999771118164,15.390000343322754,738700,SNBR
2936,2011-09-02,14.949999809265137,15.329999923706055,14.5600004196167,14.770000457763672,709300,SNBR
2937,2011-09-06,14.140000343322754,15.1899995803833,14.140000343322754,15.15999984741211,899600,SNBR
2938,2011-09-07,15.4399995803833,15.65999984741211,14.890000343322754,15.369999885559082,1136200,SNBR
2939,2011-09-08,15.229999542236328,15.680000305175781,14.829999923706055,15.010000228881836,1165100,SNBR
2940,2011-09-09,14.720000267028809,14.970000267028809,14.050000190734863,14.399999618530273,1127600,SNBR
2941,2011-09-12,14.130000114440918,15.079999923706055,14.109999656677246,15.079999923706055,835800,SNBR
2942,2011-09-13,15.119999885559082,15.84000015258789,15.100000381469727,15.65999984741211,1157300,SNBR
2943,2011-09-14,15.880000114440918,16.75,15.489999771118164,16.290000915527344,1207200,SNBR
2944,2011-09-15,16.540000915527344,16.59000015258789,16.059999465942383,16.309999465942383,803100,SNBR
2945,2011-09-16,16.350000381469727,16.399999618530273,16.030000686645508,16.149999618530273,1097300,SNBR
2946,2011-09-19,15.75,16.43000030517578,15.5,16.239999771118164,735100,SNBR
2947,2011-09-20,16.299999237060547,16.469999313354492,16.0,16.139999389648438,920000,SNBR
2948,2011-09-21,16.149999618530273,16.559999465942383,15.979999542236328,15.989999771118164,972400,SNBR
2949,2011-09-22,15.279999732971191,15.670000076293945,14.550000190734863,14.970000267028809,1548200,SNBR
2950,2011-09-23,14.890000343322754,15.210000038146973,14.720000267028809,14.9399995803833,734500,SNBR
2951,2011-09-26,15.0600004196167,15.529999732971191,14.779999732971191,15.520000457763672,785700,SNBR
2952,2011-09-27,15.930000305175781,16.299999237060547,15.649999618530273,15.84000015258789,968500,SNBR
2953,2011-09-28,15.920000076293945,15.9399995803833,14.539999961853027,14.550000190734863,1148900,SNBR
2954,2011-09-29,15.039999961853027,15.149999618530273,14.010000228881836,14.529999732971191,876000,SNBR
2955,2011-09-30,14.1899995803833,14.609999656677246,13.859999656677246,13.970000267028809,975800,SNBR
2956,2011-10-03,13.84000015258789,14.050000190734863,12.399999618530273,12.40999984741211,1142700,SNBR
2957,2011-10-04,12.319999694824219,13.479999542236328,11.970000267028809,13.449999809265137,1075700,SNBR
2958,2011-10-05,13.479999542236328,14.050000190734863,13.050000190734863,13.949999809265137,823800,SNBR
2959,2011-10-06,13.90999984741211,14.90999984741211,13.789999961853027,14.829999923706055,645600,SNBR
2960,2011-10-07,15.029999732971191,15.630000114440918,14.609999656677246,15.069999694824219,1364200,SNBR
2961,2011-10-10,15.460000038146973,15.800000190734863,15.109999656677246,15.5,773900,SNBR
2962,2011-10-11,15.399999618530273,15.859999656677246,15.270000457763672,15.579999923706055,795800,SNBR
2963,2011-10-12,15.699999809265137,16.110000610351562,15.529999732971191,15.720000267028809,853400,SNBR
2964,2011-10-13,15.529999732971191,15.979999542236328,15.270000457763672,15.760000228881836,661600,SNBR
2965,2011-10-14,16.040000915527344,16.3700008392334,15.65999984741211,16.219999313354492,636800,SNBR
2966,2011-10-17,16.010000228881836,16.389999389648438,15.8100004196167,16.049999237060547,740500,SNBR
2967,2011-10-18,16.049999237060547,16.829999923706055,15.600000381469727,16.700000762939453,2020200,SNBR
2968,2011-10-19,16.719999313354492,16.889999389648438,16.0,16.1200008392334,1184400,SNBR
2969,2011-10-20,17.940000534057617,19.549999237060547,17.6299991607666,19.420000076293945,7214500,SNBR
2970,2011-10-21,19.729999542236328,21.6299991607666,19.6200008392334,21.56999969482422,3994900,SNBR
2971,2011-10-24,21.299999237060547,22.1299991607666,20.760000228881836,21.56999969482422,2947100,SNBR
2972,2011-10-25,20.81999969482422,21.68000030517578,20.25,20.790000915527344,2084700,SNBR
2973,2011-10-26,21.010000228881836,21.479999542236328,20.329999923706055,21.190000534057617,1418000,SNBR
2974,2011-10-27,21.510000228881836,22.190000534057617,20.420000076293945,20.850000381469727,2078200,SNBR
2975,2011-10-28,20.559999465942383,21.0,20.299999237060547,20.530000686645508,1221400,SNBR
2976,2011-10-31,20.25,21.399999618530273,20.010000228881836,20.770000457763672,1253500,SNBR
2977,2011-11-01,19.8799991607666,20.6200008392334,19.600000381469727,20.0,1616600,SNBR
2978,2011-11-02,20.360000610351562,21.079999923706055,20.15999984741211,21.0,1297800,SNBR
2979,2011-11-03,21.5,21.5,20.5,20.739999771118164,1280900,SNBR
2980,2011-11-04,20.5,20.850000381469727,20.309999465942383,20.770000457763672,591500,SNBR
2981,2011-11-07,20.700000762939453,20.809999465942383,19.940000534057617,20.329999923706055,458700,SNBR
2982,2011-11-08,20.65999984741211,21.0,20.06999969482422,20.780000686645508,977400,SNBR
2983,2011-11-09,20.100000381469727,20.719999313354492,19.93000030517578,19.969999313354492,815700,SNBR
2984,2011-11-10,20.3700008392334,20.420000076293945,19.5,19.84000015258789,903800,SNBR
2985,2011-11-11,20.209999084472656,21.229999542236328,19.950000762939453,21.010000228881836,1137500,SNBR
2986,2011-11-14,20.84000015258789,20.899999618530273,20.469999313354492,20.649999618530273,538100,SNBR
2987,2011-11-15,20.510000228881836,21.739999771118164,20.5,21.540000915527344,1322100,SNBR
2988,2011-11-16,21.149999618530273,21.559999465942383,20.610000610351562,20.739999771118164,762700,SNBR
2989,2011-11-17,20.739999771118164,21.040000915527344,20.100000381469727,20.290000915527344,820900,SNBR
2990,2011-11-18,20.31999969482422,20.59000015258789,19.610000610351562,19.770000457763672,820300,SNBR
2991,2011-11-21,19.280000686645508,19.3799991607666,18.8799991607666,19.200000762939453,821100,SNBR
2992,2011-11-22,19.15999984741211,19.799999237060547,19.010000228881836,19.3700008392334,597800,SNBR
2993,2011-11-23,19.059999465942383,19.399999618530273,18.700000762939453,18.739999771118164,885700,SNBR
2994,2011-11-25,18.610000610351562,18.950000762939453,17.799999237060547,17.809999465942383,636600,SNBR
2995,2011-11-28,18.829999923706055,19.239999771118164,18.209999084472656,18.489999771118164,1738700,SNBR
2996,2011-11-29,18.530000686645508,18.530000686645508,17.780000686645508,18.030000686645508,1587300,SNBR
2997,2011-11-30,18.969999313354492,19.040000915527344,18.190000534057617,18.530000686645508,2168400,SNBR
2998,2011-12-01,18.489999771118164,19.459999084472656,18.290000915527344,19.309999465942383,1118000,SNBR
2999,2011-12-02,19.610000610351562,20.31999969482422,19.510000228881836,19.729999542236328,1368300,SNBR
3000,2011-12-05,20.1200008392334,21.139999389648438,20.010000228881836,20.6299991607666,1055900,SNBR
3001,2011-12-06,20.65999984741211,21.010000228881836,20.020000457763672,20.59000015258789,1051200,SNBR
3002,2011-12-07,20.420000076293945,20.56999969482422,19.8700008392334,20.3799991607666,1281900,SNBR
3003,2011-12-08,20.110000610351562,20.56999969482422,19.920000076293945,19.989999771118164,612600,SNBR
3004,2011-12-09,20.079999923706055,20.959999084472656,20.0,20.760000228881836,663800,SNBR
3005,2011-12-12,20.360000610351562,20.549999237060547,20.049999237060547,20.479999542236328,548300,SNBR
3006,2011-12-13,20.709999084472656,20.899999618530273,19.809999465942383,19.950000762939453,892700,SNBR
3007,2011-12-14,19.770000457763672,19.899999618530273,18.6200008392334,18.829999923706055,1151700,SNBR
3008,2011-12-15,19.200000762939453,19.229999542236328,18.540000915527344,18.799999237060547,825700,SNBR
3009,2011-12-16,19.030000686645508,19.469999313354492,18.829999923706055,19.440000534057617,1520600,SNBR
3010,2011-12-19,19.739999771118164,20.940000534057617,19.440000534057617,20.1200008392334,1345400,SNBR
3011,2011-12-20,20.520000457763672,21.469999313354492,20.520000457763672,21.399999618530273,1291900,SNBR
3012,2011-12-21,21.479999542236328,21.889999389648438,20.950000762939453,21.760000228881836,775600,SNBR
3013,2011-12-22,21.770000457763672,22.0,21.450000762939453,21.549999237060547,646200,SNBR
3014,2011-12-23,21.610000610351562,21.969999313354492,21.520000457763672,21.84000015258789,303300,SNBR
3015,2011-12-27,21.75,22.190000534057617,21.520000457763672,22.040000915527344,468900,SNBR
3016,2011-12-28,22.010000228881836,22.06999969482422,21.1299991607666,21.200000762939453,467600,SNBR
3017,2011-12-29,21.34000015258789,22.049999237060547,21.18000030517578,22.010000228881836,453800,SNBR
3018,2011-12-30,21.969999313354492,22.010000228881836,21.6299991607666,21.690000534057617,503600,SNBR
3019,2012-01-03,22.229999542236328,23.389999389648438,21.920000076293945,22.149999618530273,1627600,SNBR
3020,2012-01-04,22.100000381469727,22.6299991607666,21.600000381469727,22.270000457763672,815800,SNBR
3021,2012-01-05,22.079999923706055,23.75,21.920000076293945,23.3799991607666,1213100,SNBR
3022,2012-01-06,23.520000457763672,24.239999771118164,23.25,24.0,1242300,SNBR
3023,2012-01-09,24.280000686645508,24.3700008392334,23.649999618530273,24.200000762939453,916000,SNBR
3024,2012-01-10,24.5,24.5,23.670000076293945,23.889999389648438,965600,SNBR
3025,2012-01-11,23.829999923706055,24.170000076293945,22.459999084472656,22.8700008392334,1684400,SNBR
3026,2012-01-12,22.8799991607666,23.5,22.670000076293945,22.989999771118164,1039400,SNBR
3027,2012-01-13,22.93000030517578,23.389999389648438,22.520000457763672,23.290000915527344,913700,SNBR
3028,2012-01-17,23.610000610351562,23.969999313354492,22.959999084472656,23.440000534057617,812300,SNBR
3029,2012-01-18,23.450000762939453,24.010000228881836,23.139999389648438,23.899999618530273,1159400,SNBR
3030,2012-01-19,23.950000762939453,23.989999771118164,23.190000534057617,23.889999389648438,1060600,SNBR
3031,2012-01-20,23.709999084472656,23.860000610351562,22.520000457763672,22.68000030517578,1539100,SNBR
3032,2012-01-23,22.600000381469727,23.440000534057617,22.56999969482422,23.100000381469727,1099100,SNBR
3033,2012-01-24,22.989999771118164,24.5,22.649999618530273,24.309999465942383,1291600,SNBR
3034,2012-01-25,24.6299991607666,25.40999984741211,23.90999984741211,24.959999084472656,1907500,SNBR
3035,2012-01-26,25.040000915527344,25.200000762939453,24.110000610351562,25.100000381469727,1326300,SNBR
3036,2012-01-27,25.0,26.139999389648438,24.760000228881836,26.1200008392334,1485200,SNBR
3037,2012-01-30,25.790000915527344,26.170000076293945,25.350000381469727,25.899999618530273,933300,SNBR
3038,2012-01-31,26.149999618530273,26.15999984741211,24.84000015258789,25.079999923706055,886000,SNBR
3039,2012-02-01,25.209999084472656,26.0,25.1200008392334,25.850000381469727,873500,SNBR
3040,2012-02-02,25.75,26.1200008392334,25.540000915527344,25.639999389648438,655800,SNBR
3041,2012-02-03,26.030000686645508,27.6299991607666,25.979999542236328,27.040000915527344,1690100,SNBR
3042,2012-02-06,27.010000228881836,28.049999237060547,26.780000686645508,27.6299991607666,1272100,SNBR
3043,2012-02-07,28.81999969482422,28.90999984741211,26.84000015258789,27.200000762939453,1399700,SNBR
3044,2012-02-08,27.540000915527344,27.780000686645508,26.84000015258789,27.170000076293945,1524600,SNBR
3045,2012-02-09,29.010000228881836,29.610000610351562,26.8700008392334,28.6200008392334,3787600,SNBR
3046,2012-02-10,28.190000534057617,28.84000015258789,27.6200008392334,28.68000030517578,932700,SNBR
3047,2012-02-13,29.170000076293945,29.6200008392334,28.709999084472656,29.010000228881836,1104600,SNBR
3048,2012-02-14,28.760000228881836,28.889999389648438,28.190000534057617,28.6200008392334,849900,SNBR
3049,2012-02-15,28.899999618530273,29.06999969482422,27.6299991607666,27.739999771118164,833600,SNBR
3050,2012-02-16,27.850000381469727,28.110000610351562,27.59000015258789,27.950000762939453,689400,SNBR
3051,2012-02-17,27.979999542236328,28.5,27.809999465942383,28.049999237060547,683500,SNBR
3052,2012-02-21,28.290000915527344,28.360000610351562,27.149999618530273,27.459999084472656,698800,SNBR
3053,2012-02-22,27.270000457763672,27.8700008392334,26.790000915527344,27.81999969482422,902900,SNBR
3054,2012-02-23,27.75,29.15999984741211,27.68000030517578,28.989999771118164,1163000,SNBR
3055,2012-02-24,28.90999984741211,29.299999237060547,28.350000381469727,28.639999389648438,1000000,SNBR
3056,2012-02-27,28.350000381469727,29.399999618530273,27.8799991607666,29.06999969482422,517500,SNBR
3057,2012-02-28,29.06999969482422,29.6200008392334,28.84000015258789,29.100000381469727,723000,SNBR
3058,2012-02-29,28.899999618530273,30.360000610351562,28.75,29.59000015258789,1339800,SNBR
3059,2012-03-01,29.649999618530273,30.40999984741211,29.510000228881836,29.969999313354492,1038000,SNBR
3060,2012-03-02,30.0,30.139999389648438,29.1200008392334,29.31999969482422,714300,SNBR
3061,2012-03-05,29.420000076293945,30.729999542236328,29.420000076293945,30.030000686645508,1115900,SNBR
3062,2012-03-06,29.579999923706055,29.729999542236328,28.149999618530273,28.829999923706055,1029700,SNBR
3063,2012-03-07,29.149999618530273,30.579999923706055,29.049999237060547,29.989999771118164,1037900,SNBR
3064,2012-03-08,30.290000915527344,31.399999618530273,29.809999465942383,31.010000228881836,1104100,SNBR
3065,2012-03-09,31.1200008392334,32.41999816894531,30.81999969482422,32.15999984741211,1624500,SNBR
3066,2012-03-12,32.099998474121094,32.400001525878906,31.68000030517578,32.130001068115234,960800,SNBR
3067,2012-03-13,32.40999984741211,32.810001373291016,32.02000045776367,32.779998779296875,751300,SNBR
3068,2012-03-14,32.95000076293945,33.20000076293945,32.16999816894531,32.31999969482422,622100,SNBR
3069,2012-03-15,32.38999938964844,33.599998474121094,32.209999084472656,33.20000076293945,983400,SNBR
3070,2012-03-16,33.34000015258789,33.36000061035156,31.489999771118164,31.670000076293945,2692200,SNBR
3071,2012-03-19,31.670000076293945,33.02000045776367,31.5,32.84000015258789,1036200,SNBR
3072,2012-03-20,32.470001220703125,32.7400016784668,31.829999923706055,32.20000076293945,592400,SNBR
3073,2012-03-21,32.40999984741211,32.72999954223633,31.920000076293945,32.27000045776367,920000,SNBR
3074,2012-03-22,31.8799991607666,32.2400016784668,31.639999389648438,32.189998626708984,1066500,SNBR
3075,2012-03-23,31.600000381469727,32.310001373291016,31.309999465942383,32.130001068115234,703200,SNBR
3076,2012-03-26,32.5,33.560001373291016,32.5,33.189998626708984,770400,SNBR
3077,2012-03-27,33.099998474121094,33.939998626708984,32.54999923706055,32.619998931884766,907600,SNBR
3078,2012-03-28,32.79999923706055,33.400001525878906,31.719999313354492,32.380001068115234,932700,SNBR
3079,2012-03-29,32.380001068115234,32.599998474121094,31.760000228881836,32.43000030517578,494500,SNBR
3080,2012-03-30,32.810001373291016,32.84000015258789,32.2599983215332,32.38999938964844,471200,SNBR
3081,2012-04-02,32.310001373291016,32.70000076293945,32.0,32.5,828900,SNBR
3082,2012-04-03,32.4900016784668,33.779998779296875,32.380001068115234,33.56999969482422,763400,SNBR
3083,2012-04-04,33.02000045776367,33.060001373291016,32.06999969482422,32.849998474121094,707700,SNBR
3084,2012-04-05,32.630001068115234,34.189998626708984,32.5099983215332,34.040000915527344,919500,SNBR
3085,2012-04-09,33.29999923706055,33.88999938964844,32.79999923706055,33.77000045776367,936000,SNBR
3086,2012-04-10,33.61000061035156,33.77000045776367,31.149999618530273,31.299999237060547,1605400,SNBR
3087,2012-04-11,32.400001525878906,33.150001525878906,32.0099983215332,32.59000015258789,1111200,SNBR
3088,2012-04-12,32.599998474121094,33.84000015258789,32.439998626708984,33.439998626708984,571700,SNBR
3089,2012-04-13,33.400001525878906,34.5,33.150001525878906,34.060001373291016,669900,SNBR
3090,2012-04-16,34.459999084472656,35.0,33.900001525878906,34.25,1089700,SNBR
3091,2012-04-17,34.5,35.16999816894531,34.2400016784668,34.75,1134300,SNBR
3092,2012-04-18,35.0,35.599998474121094,34.619998931884766,35.2400016784668,1882200,SNBR
3093,2012-04-19,33.75,34.7400016784668,31.3799991607666,33.68000030517578,3672300,SNBR
3094,2012-04-20,32.869998931884766,33.0,30.5,30.760000228881836,3994000,SNBR
3095,2012-04-23,29.84000015258789,32.4900016784668,29.299999237060547,32.15999984741211,3017800,SNBR
3096,2012-04-24,32.2400016784668,32.400001525878906,29.950000762939453,30.290000915527344,3124300,SNBR
3097,2012-04-25,30.56999969482422,31.309999465942383,30.09000015258789,31.299999237060547,1910700,SNBR
3098,2012-04-26,31.149999618530273,31.450000762939453,27.809999465942383,28.739999771118164,4297600,SNBR
3099,2012-04-27,28.950000762939453,29.969999313354492,28.3700008392334,29.940000534057617,1997100,SNBR
3100,2012-04-30,29.760000228881836,29.90999984741211,28.670000076293945,28.8799991607666,1607000,SNBR
3101,2012-05-01,28.84000015258789,30.56999969482422,28.579999923706055,29.950000762939453,2121100,SNBR
3102,2012-05-02,29.350000381469727,31.209999084472656,29.350000381469727,30.899999618530273,1853400,SNBR
3103,2012-05-03,31.020000457763672,31.239999771118164,29.959999084472656,30.25,1195500,SNBR
3104,2012-05-04,29.920000076293945,30.639999389648438,29.290000915527344,29.510000228881836,1413000,SNBR
3105,2012-05-07,29.309999465942383,29.59000015258789,26.799999237060547,28.290000915527344,4032400,SNBR
3106,2012-05-08,28.15999984741211,28.15999984741211,24.270000457763672,26.709999084472656,4404600,SNBR
3107,2012-05-09,26.479999542236328,28.149999618530273,26.190000534057617,27.290000915527344,2130200,SNBR
3108,2012-05-10,27.700000762939453,28.18000030517578,26.860000610351562,27.020000457763672,1288500,SNBR
3109,2012-05-11,26.649999618530273,28.84000015258789,26.649999618530273,28.469999313354492,1381000,SNBR
3110,2012-05-14,27.899999618530273,28.1200008392334,26.75,26.790000915527344,1474400,SNBR
3111,2012-05-15,26.850000381469727,28.0,26.670000076293945,27.309999465942383,1101800,SNBR
3112,2012-05-16,27.360000610351562,28.030000686645508,27.010000228881836,27.1299991607666,708100,SNBR
3113,2012-05-17,27.1200008392334,27.309999465942383,25.309999465942383,25.520000457763672,1466400,SNBR
3114,2012-05-18,25.540000915527344,25.799999237060547,24.329999923706055,25.149999618530273,1927300,SNBR
3115,2012-05-21,25.100000381469727,25.700000762939453,24.940000534057617,25.6299991607666,1639600,SNBR
3116,2012-05-22,25.780000686645508,26.65999984741211,25.700000762939453,26.290000915527344,1035900,SNBR
3117,2012-05-23,25.780000686645508,26.540000915527344,25.329999923706055,26.31999969482422,1089900,SNBR
3118,2012-05-24,26.25,26.729999542236328,25.950000762939453,26.56999969482422,817000,SNBR
3119,2012-05-25,26.889999389648438,29.0,26.889999389648438,28.040000915527344,2224500,SNBR
3120,2012-05-29,28.18000030517578,28.709999084472656,27.770000457763672,28.479999542236328,1317500,SNBR
3121,2012-05-30,28.0,28.049999237060547,27.049999237060547,27.450000762939453,1353000,SNBR
3122,2012-05-31,27.43000030517578,27.6299991607666,26.239999771118164,27.360000610351562,1056300,SNBR
3123,2012-06-01,26.510000228881836,26.860000610351562,25.56999969482422,25.989999771118164,1438900,SNBR
3124,2012-06-04,26.010000228881836,26.510000228881836,25.0,25.709999084472656,1083800,SNBR
3125,2012-06-05,25.6299991607666,26.030000686645508,24.8700008392334,25.93000030517578,888600,SNBR
3126,2012-06-06,19.739999771118164,22.510000228881836,19.639999389648438,20.610000610351562,12190800,SNBR
3127,2012-06-07,20.899999618530273,22.520000457763672,20.670000076293945,21.829999923706055,5025900,SNBR
3128,2012-06-08,21.709999084472656,23.290000915527344,21.440000534057617,23.010000228881836,2073100,SNBR
3129,2012-06-11,23.219999313354492,23.299999237060547,21.559999465942383,21.719999313354492,2520800,SNBR
3130,2012-06-12,21.829999923706055,22.209999084472656,21.200000762939453,22.190000534057617,2204000,SNBR
3131,2012-06-13,22.25,22.84000015258789,21.059999465942383,21.329999923706055,1949000,SNBR
3132,2012-06-14,21.3799991607666,21.639999389648438,20.68000030517578,20.700000762939453,1933200,SNBR
3133,2012-06-15,20.649999618530273,21.760000228881836,20.649999618530273,21.649999618530273,2278600,SNBR
3134,2012-06-18,21.40999984741211,21.8799991607666,20.959999084472656,21.600000381469727,1055000,SNBR
3135,2012-06-19,21.6299991607666,22.200000762939453,21.450000762939453,21.5,1290900,SNBR
3136,2012-06-20,21.5,21.84000015258789,21.049999237060547,21.479999542236328,1163900,SNBR
3137,2012-06-21,21.559999465942383,21.559999465942383,19.770000457763672,19.860000610351562,2698600,SNBR
3138,2012-06-22,20.15999984741211,20.270000457763672,19.639999389648438,20.040000915527344,1762600,SNBR
3139,2012-06-25,19.790000915527344,20.010000228881836,19.270000457763672,19.5,1117800,SNBR
3140,2012-06-26,19.68000030517578,19.729999542236328,19.0,19.559999465942383,1416200,SNBR
3141,2012-06-27,19.530000686645508,19.93000030517578,19.079999923706055,19.329999923706055,1016700,SNBR
3142,2012-06-28,19.399999618530273,20.5,19.079999923706055,20.030000686645508,2423000,SNBR
3143,2012-06-29,20.5,21.1200008392334,20.450000762939453,20.920000076293945,1032200,SNBR
3144,2012-07-02,20.920000076293945,21.110000610351562,20.549999237060547,21.100000381469727,970000,SNBR
3145,2012-07-03,21.010000228881836,21.780000686645508,20.84000015258789,21.760000228881836,532800,SNBR
3146,2012-07-05,21.59000015258789,22.040000915527344,21.350000381469727,21.75,813300,SNBR
3147,2012-07-06,21.450000762939453,21.770000457763672,21.200000762939453,21.59000015258789,705300,SNBR
3148,2012-07-09,21.489999771118164,22.200000762939453,21.459999084472656,21.520000457763672,900100,SNBR
3149,2012-07-10,21.770000457763672,22.0,21.34000015258789,21.510000228881836,738000,SNBR
3150,2012-07-11,21.489999771118164,21.760000228881836,21.280000686645508,21.610000610351562,821000,SNBR
3151,2012-07-12,21.3700008392334,22.450000762939453,21.25,22.290000915527344,1048800,SNBR
3152,2012-07-13,22.489999771118164,23.31999969482422,22.440000534057617,23.260000228881836,2465500,SNBR
3153,2012-07-16,23.110000610351562,23.93000030517578,22.68000030517578,23.100000381469727,1621400,SNBR
3154,2012-07-17,21.709999084472656,22.049999237060547,20.81999969482422,21.1200008392334,3629300,SNBR
3155,2012-07-18,20.940000534057617,22.0,20.790000915527344,21.770000457763672,2248900,SNBR
3156,2012-07-19,26.59000015258789,28.1299991607666,26.0,27.600000381469727,6344500,SNBR
3157,2012-07-20,27.15999984741211,28.260000228881836,26.729999542236328,26.959999084472656,2481100,SNBR
3158,2012-07-23,26.219999313354492,27.1200008392334,26.1200008392334,26.799999237060547,1259700,SNBR
3159,2012-07-24,26.760000228881836,27.059999465942383,25.600000381469727,25.989999771118164,1477800,SNBR
3160,2012-07-25,26.469999313354492,26.799999237060547,26.1299991607666,26.200000762939453,1328600,SNBR
3161,2012-07-26,26.790000915527344,26.799999237060547,25.850000381469727,26.31999969482422,883200,SNBR
3162,2012-07-27,26.579999923706055,27.15999984741211,26.270000457763672,26.940000534057617,941400,SNBR
3163,2012-07-30,26.760000228881836,27.040000915527344,25.969999313354492,26.31999969482422,1002900,SNBR
3164,2012-07-31,26.18000030517578,26.469999313354492,25.75,26.010000228881836,1071200,SNBR
3165,2012-08-01,26.31999969482422,26.5,25.84000015258789,26.09000015258789,1296500,SNBR
3166,2012-08-02,25.889999389648438,26.329999923706055,25.84000015258789,26.18000030517578,991900,SNBR
3167,2012-08-03,26.690000534057617,27.229999542236328,26.670000076293945,27.010000228881836,1139500,SNBR
3168,2012-08-06,26.84000015258789,28.1200008392334,26.780000686645508,27.81999969482422,1387100,SNBR
3169,2012-08-07,27.93000030517578,29.079999923706055,27.93000030517578,28.479999542236328,1318000,SNBR
3170,2012-08-08,28.309999465942383,28.899999618530273,28.049999237060547,28.290000915527344,609800,SNBR
3171,2012-08-09,28.15999984741211,28.6200008392334,27.709999084472656,28.170000076293945,615700,SNBR
3172,2012-08-10,27.90999984741211,28.059999465942383,27.350000381469727,27.6200008392334,330600,SNBR
3173,2012-08-13,27.6299991607666,27.829999923706055,27.139999389648438,27.43000030517578,384300,SNBR
3174,2012-08-14,27.93000030517578,28.850000381469727,27.809999465942383,28.399999618530273,774600,SNBR
3175,2012-08-15,28.110000610351562,28.549999237060547,27.959999084472656,28.459999084472656,399500,SNBR
3176,2012-08-16,28.440000534057617,29.25,28.139999389648438,28.979999542236328,480000,SNBR
3177,2012-08-17,28.90999984741211,29.920000076293945,28.670000076293945,29.809999465942383,686100,SNBR
3178,2012-08-20,29.719999313354492,29.719999313354492,28.84000015258789,29.139999389648438,624500,SNBR
3179,2012-08-21,29.309999465942383,29.43000030517578,28.809999465942383,29.1299991607666,498000,SNBR
3180,2012-08-22,29.09000015258789,29.1200008392334,28.520000457763672,28.950000762939453,569700,SNBR
3181,2012-08-23,28.969999313354492,29.350000381469727,28.270000457763672,28.530000686645508,699400,SNBR
3182,2012-08-24,28.420000076293945,28.520000457763672,27.959999084472656,28.229999542236328,685400,SNBR
3183,2012-08-27,28.420000076293945,28.90999984741211,28.079999923706055,28.700000762939453,704100,SNBR
3184,2012-08-28,28.6200008392334,28.889999389648438,28.360000610351562,28.799999237060547,828200,SNBR
3185,2012-08-29,28.729999542236328,29.299999237060547,28.5,29.06999969482422,265900,SNBR
3186,2012-08-30,28.940000534057617,29.139999389648438,28.65999984741211,28.700000762939453,243100,SNBR
3187,2012-08-31,29.030000686645508,29.09000015258789,28.260000228881836,28.56999969482422,596000,SNBR
3188,2012-09-04,28.56999969482422,29.3799991607666,28.280000686645508,29.229999542236328,444600,SNBR
3189,2012-09-05,29.09000015258789,29.6299991607666,28.84000015258789,29.600000381469727,454800,SNBR
3190,2012-09-06,29.829999923706055,31.420000076293945,29.639999389648438,31.270000457763672,1093600,SNBR
3191,2012-09-07,30.6299991607666,31.479999542236328,30.610000610351562,31.309999465942383,626800,SNBR
3192,2012-09-10,31.299999237060547,31.360000610351562,30.799999237060547,31.010000228881836,412300,SNBR
3193,2012-09-11,31.139999389648438,31.799999237060547,30.90999984741211,31.59000015258789,425100,SNBR
3194,2012-09-12,31.790000915527344,32.36000061035156,31.579999923706055,32.349998474121094,493100,SNBR
3195,2012-09-13,32.43000030517578,33.15999984741211,31.850000381469727,32.939998626708984,637100,SNBR
3196,2012-09-14,33.13999938964844,34.380001068115234,33.060001373291016,33.58000183105469,1042400,SNBR
3197,2012-09-17,33.97999954223633,34.0,32.5,32.97999954223633,898100,SNBR
3198,2012-09-18,32.900001525878906,33.0,31.520000457763672,32.31999969482422,973900,SNBR
3199,2012-09-19,32.75,33.58000183105469,32.58000183105469,33.150001525878906,853200,SNBR
3200,2012-09-20,32.90999984741211,33.31999969482422,32.060001373291016,33.220001220703125,605900,SNBR
3201,2012-09-21,33.84000015258789,33.900001525878906,32.95000076293945,33.36000061035156,1253400,SNBR
3202,2012-09-24,33.150001525878906,33.459999084472656,32.0,32.29999923706055,792000,SNBR
3203,2012-09-25,32.52000045776367,33.08000183105469,31.360000610351562,31.510000228881836,565600,SNBR
3204,2012-09-26,31.65999984741211,31.809999465942383,29.8700008392334,30.43000030517578,1354200,SNBR
3205,2012-09-27,31.31999969482422,31.700000762939453,29.920000076293945,31.229999542236328,1185900,SNBR
3206,2012-09-28,31.040000915527344,31.68000030517578,30.40999984741211,31.530000686645508,739400,SNBR
3207,2012-10-01,31.75,32.13999938964844,30.81999969482422,30.950000762939453,650400,SNBR
3208,2012-10-02,30.979999542236328,31.549999237060547,30.84000015258789,31.34000015258789,758800,SNBR
3209,2012-10-03,31.479999542236328,32.209999084472656,31.459999084472656,31.899999618530273,566400,SNBR
3210,2012-10-04,32.20000076293945,32.650001525878906,31.68000030517578,32.5,454400,SNBR
3211,2012-10-05,32.68000030517578,33.619998931884766,32.58000183105469,33.119998931884766,654400,SNBR
3212,2012-10-08,33.2400016784668,33.900001525878906,32.84000015258789,33.15999984741211,788200,SNBR
3213,2012-10-09,33.099998474121094,33.5,32.209999084472656,32.310001373291016,672500,SNBR
3214,2012-10-10,32.06999969482422,32.459999084472656,31.549999237060547,31.760000228881836,732500,SNBR
3215,2012-10-11,32.11000061035156,32.709999084472656,31.780000686645508,32.209999084472656,449500,SNBR
3216,2012-10-12,32.18000030517578,32.470001220703125,31.510000228881836,31.84000015258789,501900,SNBR
3217,2012-10-15,32.18000030517578,32.349998474121094,31.790000915527344,32.119998931884766,811300,SNBR
3218,2012-10-16,32.27000045776367,32.54999923706055,31.940000534057617,32.20000076293945,879300,SNBR
3219,2012-10-17,32.31999969482422,32.84000015258789,31.959999084472656,32.630001068115234,1266100,SNBR
3220,2012-10-18,30.0,30.729999542236328,29.0,30.5,4592400,SNBR
3221,2012-10-19,30.3799991607666,31.200000762939453,30.309999465942383,30.729999542236328,1851300,SNBR
3222,2012-10-22,30.829999923706055,30.829999923706055,29.690000534057617,29.75,721400,SNBR
3223,2012-10-23,29.479999542236328,29.530000686645508,28.40999984741211,28.8700008392334,1123000,SNBR
3224,2012-10-24,28.329999923706055,28.600000381469727,27.079999923706055,27.790000915527344,2603900,SNBR
3225,2012-10-25,28.06999969482422,28.350000381469727,27.420000076293945,27.829999923706055,736000,SNBR
3226,2012-10-26,27.75,28.280000686645508,26.280000686645508,27.309999465942383,1381000,SNBR
3227,2012-10-31,27.25,27.84000015258789,26.75,27.829999923706055,971700,SNBR
3228,2012-11-01,27.15999984741211,28.489999771118164,27.15999984741211,28.3700008392334,693700,SNBR
3229,2012-11-02,28.420000076293945,28.56999969482422,27.950000762939453,27.959999084472656,661800,SNBR
3230,2012-11-05,27.8700008392334,28.31999969482422,27.549999237060547,28.100000381469727,493400,SNBR
3231,2012-11-06,28.100000381469727,28.559999465942383,27.959999084472656,28.110000610351562,553500,SNBR
3232,2012-11-07,27.690000534057617,28.239999771118164,27.559999465942383,27.90999984741211,766600,SNBR
3233,2012-11-08,27.860000610351562,27.989999771118164,26.43000030517578,26.65999984741211,1147800,SNBR
3234,2012-11-09,26.530000686645508,27.059999465942383,26.040000915527344,26.65999984741211,767100,SNBR
3235,2012-11-12,26.780000686645508,27.18000030517578,26.209999084472656,26.280000686645508,546600,SNBR
3236,2012-11-13,26.1299991607666,26.670000076293945,25.899999618530273,25.93000030517578,677800,SNBR
3237,2012-11-14,26.1200008392334,26.190000534057617,24.559999465942383,24.770000457763672,960100,SNBR
3238,2012-11-15,25.06999969482422,25.350000381469727,24.649999618530273,25.290000915527344,1156400,SNBR
3239,2012-11-16,25.31999969482422,25.809999465942383,25.040000915527344,25.450000762939453,813500,SNBR
3240,2012-11-19,25.600000381469727,26.469999313354492,25.100000381469727,25.40999984741211,888200,SNBR
3241,2012-11-20,25.350000381469727,25.600000381469727,25.030000686645508,25.549999237060547,631100,SNBR
3242,2012-11-21,25.59000015258789,26.110000610351562,25.280000686645508,25.3700008392334,641300,SNBR
3243,2012-11-23,25.56999969482422,26.610000610351562,25.3700008392334,26.030000686645508,263900,SNBR
3244,2012-11-26,25.979999542236328,26.68000030517578,25.8700008392334,26.559999465942383,635000,SNBR
3245,2012-11-27,26.489999771118164,27.059999465942383,26.290000915527344,26.690000534057617,709100,SNBR
3246,2012-11-28,26.5,27.1200008392334,26.209999084472656,27.100000381469727,712500,SNBR
3247,2012-11-29,27.170000076293945,27.540000915527344,26.6200008392334,26.850000381469727,538800,SNBR
3248,2012-11-30,26.940000534057617,26.940000534057617,26.270000457763672,26.780000686645508,740000,SNBR
3249,2012-12-03,26.989999771118164,27.190000534057617,26.139999389648438,26.290000915527344,811300,SNBR
3250,2012-12-04,26.389999389648438,27.68000030517578,26.389999389648438,27.670000076293945,1149300,SNBR
3251,2012-12-05,25.790000915527344,26.0,23.799999237060547,25.0,3411900,SNBR
3252,2012-12-06,25.0,25.3799991607666,24.5,25.079999923706055,554900,SNBR
3253,2012-12-07,25.270000457763672,25.6299991607666,25.079999923706055,25.149999618530273,1088700,SNBR
3254,2012-12-10,25.09000015258789,25.510000228881836,24.93000030517578,25.1299991607666,739700,SNBR
3255,2012-12-11,25.389999389648438,25.75,25.149999618530273,25.229999542236328,518600,SNBR
3256,2012-12-12,25.399999618530273,25.600000381469727,24.450000762939453,24.799999237060547,1292400,SNBR
3257,2012-12-13,24.75,25.25,24.440000534057617,24.6200008392334,592700,SNBR
3258,2012-12-14,24.540000915527344,24.84000015258789,24.350000381469727,24.479999542236328,473300,SNBR
3259,2012-12-17,24.540000915527344,25.110000610351562,24.440000534057617,25.059999465942383,839000,SNBR
3260,2012-12-18,25.149999618530273,25.950000762939453,25.110000610351562,25.719999313354492,924500,SNBR
3261,2012-12-19,25.700000762939453,25.829999923706055,25.31999969482422,25.739999771118164,820200,SNBR
3262,2012-12-20,25.729999542236328,25.8700008392334,25.489999771118164,25.709999084472656,640500,SNBR
3263,2012-12-21,25.360000610351562,26.110000610351562,25.040000915527344,25.790000915527344,2760500,SNBR
3264,2012-12-24,25.739999771118164,26.010000228881836,25.389999389648438,25.389999389648438,346100,SNBR
3265,2012-12-26,25.420000076293945,25.520000457763672,24.6200008392334,24.68000030517578,597900,SNBR
3266,2012-12-27,24.760000228881836,25.110000610351562,24.229999542236328,24.639999389648438,495800,SNBR
3267,2012-12-28,24.489999771118164,24.780000686645508,24.110000610351562,24.510000228881836,661000,SNBR
3268,2012-12-31,24.3700008392334,26.229999542236328,24.229999542236328,26.170000076293945,793300,SNBR
3269,2013-01-02,27.020000457763672,27.6200008392334,26.760000228881836,26.959999084472656,1259400,SNBR
3270,2013-01-03,27.06999969482422,27.81999969482422,26.780000686645508,26.90999984741211,516800,SNBR
3271,2013-01-04,27.100000381469727,27.510000228881836,27.0,27.1299991607666,599800,SNBR
3272,2013-01-07,26.920000076293945,27.149999618530273,26.559999465942383,26.75,444400,SNBR
3273,2013-01-08,26.850000381469727,26.950000762939453,26.530000686645508,26.81999969482422,659800,SNBR
3274,2013-01-09,26.860000610351562,27.450000762939453,26.799999237060547,27.18000030517578,485000,SNBR
3275,2013-01-10,27.309999465942383,27.440000534057617,27.059999465942383,27.329999923706055,299500,SNBR
3276,2013-01-11,27.399999618530273,27.450000762939453,27.0,27.329999923706055,376100,SNBR
3277,2013-01-14,27.239999771118164,27.420000076293945,26.6299991607666,26.780000686645508,549200,SNBR
3278,2013-01-15,26.530000686645508,27.790000915527344,26.5,27.770000457763672,1034400,SNBR
3279,2013-01-16,27.75,27.790000915527344,27.31999969482422,27.600000381469727,630500,SNBR
3280,2013-01-17,27.6200008392334,28.0,27.440000534057617,27.770000457763672,1109400,SNBR
3281,2013-01-18,27.799999237060547,28.0,27.479999542236328,27.770000457763672,409100,SNBR
3282,2013-01-22,27.719999313354492,28.34000015258789,27.6299991607666,28.219999313354492,1010700,SNBR
3283,2013-01-23,28.190000534057617,28.209999084472656,27.020000457763672,27.209999084472656,922000,SNBR
3284,2013-01-24,27.350000381469727,28.940000534057617,27.09000015258789,28.200000762939453,2521300,SNBR
3285,2013-01-25,23.489999771118164,24.0,22.56999969482422,23.15999984741211,10881900,SNBR
3286,2013-01-28,23.170000076293945,23.440000534057617,22.709999084472656,22.950000762939453,2256900,SNBR
3287,2013-01-29,22.8700008392334,22.90999984741211,21.979999542236328,22.209999084472656,1775600,SNBR
3288,2013-01-30,21.770000457763672,22.239999771118164,21.299999237060547,21.420000076293945,2524700,SNBR
3289,2013-01-31,21.5,22.149999618530273,21.3700008392334,22.020000457763672,1271000,SNBR
3290,2013-02-01,22.190000534057617,22.760000228881836,21.959999084472656,22.65999984741211,1473200,SNBR
3291,2013-02-04,22.5,23.100000381469727,22.5,22.649999618530273,1518300,SNBR
3292,2013-02-05,22.709999084472656,22.829999923706055,22.40999984741211,22.489999771118164,1385800,SNBR
3293,2013-02-06,22.299999237060547,22.68000030517578,22.18000030517578,22.479999542236328,1331700,SNBR
3294,2013-02-07,22.440000534057617,22.510000228881836,21.75,22.1200008392334,1008400,SNBR
3295,2013-02-08,22.229999542236328,22.40999984741211,21.989999771118164,22.260000228881836,726600,SNBR
3296,2013-02-11,22.299999237060547,22.399999618530273,22.059999465942383,22.18000030517578,812300,SNBR
3297,2013-02-12,22.260000228881836,22.450000762939453,22.06999969482422,22.190000534057617,929100,SNBR
3298,2013-02-13,22.15999984741211,22.399999618530273,21.610000610351562,21.75,798300,SNBR
3299,2013-02-14,21.6200008392334,21.739999771118164,21.0,21.280000686645508,1158500,SNBR
3300,2013-02-15,21.469999313354492,21.8700008392334,21.209999084472656,21.280000686645508,747500,SNBR
3301,2013-02-19,21.290000915527344,21.389999389648438,20.899999618530273,21.149999618530273,976100,SNBR
3302,2013-02-20,21.229999542236328,21.610000610351562,20.25,20.260000228881836,1171900,SNBR
3303,2013-02-21,20.209999084472656,20.59000015258789,19.950000762939453,20.360000610351562,1387200,SNBR
3304,2013-02-22,20.40999984741211,20.670000076293945,20.1299991607666,20.479999542236328,819000,SNBR
3305,2013-02-25,20.549999237060547,20.850000381469727,20.059999465942383,20.100000381469727,1246700,SNBR
3306,2013-02-26,20.209999084472656,20.809999465942383,19.90999984741211,20.450000762939453,1211200,SNBR
3307,2013-02-27,20.389999389648438,21.020000457763672,20.389999389648438,20.790000915527344,2465300,SNBR
3308,2013-02-28,20.75,20.75,20.489999771118164,20.520000457763672,916800,SNBR
3309,2013-03-01,20.459999084472656,20.700000762939453,20.020000457763672,20.510000228881836,980600,SNBR
3310,2013-03-04,18.25,18.299999237060547,16.6200008392334,17.280000686645508,8298500,SNBR
3311,2013-03-05,17.389999389648438,17.399999618530273,17.06999969482422,17.18000030517578,2405900,SNBR
3312,2013-03-06,17.18000030517578,17.270000457763672,17.010000228881836,17.15999984741211,1735000,SNBR
3313,2013-03-07,17.1299991607666,17.549999237060547,16.850000381469727,17.3700008392334,1687100,SNBR
3314,2013-03-08,17.68000030517578,18.31999969482422,17.639999389648438,18.149999618530273,1452600,SNBR
3315,2013-03-11,18.149999618530273,18.760000228881836,17.770000457763672,18.690000534057617,1496200,SNBR
3316,2013-03-12,18.610000610351562,18.989999771118164,18.40999984741211,18.84000015258789,1058300,SNBR
3317,2013-03-13,18.809999465942383,19.100000381469727,18.690000534057617,19.030000686645508,1117800,SNBR
3318,2013-03-14,19.059999465942383,19.549999237060547,18.81999969482422,19.309999465942383,1489000,SNBR
3319,2013-03-15,19.31999969482422,19.739999771118164,19.100000381469727,19.670000076293945,4738000,SNBR
3320,2013-03-18,19.469999313354492,19.8700008392334,19.270000457763672,19.799999237060547,978400,SNBR
3321,2013-03-19,19.81999969482422,19.979999542236328,19.489999771118164,19.799999237060547,1098300,SNBR
3322,2013-03-20,19.809999465942383,20.059999465942383,18.899999618530273,19.229999542236328,1403100,SNBR
3323,2013-03-21,19.09000015258789,19.290000915527344,18.469999313354492,18.809999465942383,1354700,SNBR
3324,2013-03-22,18.850000381469727,19.170000076293945,18.59000015258789,19.079999923706055,860800,SNBR
3325,2013-03-25,18.959999084472656,19.1299991607666,18.6299991607666,19.020000457763672,1081600,SNBR
3326,2013-03-26,19.100000381469727,19.100000381469727,18.860000610351562,19.0,730800,SNBR
3327,2013-03-27,19.06999969482422,20.450000762939453,19.0,20.40999984741211,1441000,SNBR
3328,2013-03-28,20.360000610351562,20.40999984741211,19.549999237060547,19.770000457763672,904500,SNBR
3329,2013-04-01,19.68000030517578,20.229999542236328,19.239999771118164,19.270000457763672,828600,SNBR
3330,2013-04-02,19.399999618530273,19.639999389648438,19.010000228881836,19.06999969482422,677900,SNBR
3331,2013-04-03,19.010000228881836,19.270000457763672,18.229999542236328,18.43000030517578,1059700,SNBR
3332,2013-04-04,18.469999313354492,18.690000534057617,18.149999618530273,18.610000610351562,816200,SNBR
3333,2013-04-05,18.389999389648438,18.549999237060547,18.059999465942383,18.5,791600,SNBR
3334,2013-04-08,18.489999771118164,18.770000457763672,18.219999313354492,18.729999542236328,706900,SNBR
3335,2013-04-09,18.75,18.75,17.920000076293945,17.950000762939453,1061400,SNBR
3336,2013-04-10,17.969999313354492,18.440000534057617,17.5,18.34000015258789,1648100,SNBR
3337,2013-04-11,18.43000030517578,19.1299991607666,18.299999237060547,18.81999969482422,863800,SNBR
3338,2013-04-12,18.739999771118164,18.920000076293945,18.350000381469727,18.489999771118164,937000,SNBR
3339,2013-04-15,18.399999618530273,18.56999969482422,17.5,17.75,879600,SNBR
3340,2013-04-16,17.8700008392334,18.1200008392334,17.219999313354492,17.940000534057617,1444400,SNBR
3341,2013-04-17,17.809999465942383,18.260000228881836,17.020000457763672,17.559999465942383,2292500,SNBR
3342,2013-04-18,17.450000762939453,19.100000381469727,16.739999771118164,17.899999618530273,5237300,SNBR
3343,2013-04-19,17.989999771118164,18.90999984741211,17.799999237060547,18.75,1732800,SNBR
3344,2013-04-22,18.790000915527344,19.270000457763672,18.6200008392334,19.190000534057617,1431300,SNBR
3345,2013-04-23,19.34000015258789,19.979999542236328,19.190000534057617,19.969999313354492,1715700,SNBR
3346,2013-04-24,20.020000457763672,20.510000228881836,19.84000015258789,20.3799991607666,1683900,SNBR
3347,2013-04-25,20.450000762939453,21.0,20.450000762939453,20.90999984741211,1387400,SNBR
3348,2013-04-26,20.84000015258789,21.049999237060547,20.6299991607666,21.0,923700,SNBR
3349,2013-04-29,21.030000686645508,21.459999084472656,20.809999465942383,21.34000015258789,621300,SNBR
3350,2013-04-30,21.229999542236328,21.420000076293945,20.969999313354492,21.219999313354492,1104300,SNBR
3351,2013-05-01,21.09000015258789,21.25,20.719999313354492,20.739999771118164,1950200,SNBR
3352,2013-05-02,20.649999618530273,21.200000762939453,20.600000381469727,20.93000030517578,979500,SNBR
3353,2013-05-03,21.18000030517578,21.670000076293945,20.93000030517578,21.020000457763672,739900,SNBR
3354,2013-05-06,21.0,21.479999542236328,20.950000762939453,21.3799991607666,728000,SNBR
3355,2013-05-07,21.309999465942383,21.450000762939453,20.93000030517578,21.440000534057617,1364900,SNBR
3356,2013-05-08,21.440000534057617,21.6200008392334,21.229999542236328,21.3799991607666,627100,SNBR
3357,2013-05-09,21.280000686645508,21.739999771118164,21.200000762939453,21.420000076293945,605700,SNBR
3358,2013-05-10,21.420000076293945,22.899999618530273,21.239999771118164,22.760000228881836,1560200,SNBR
3359,2013-05-13,22.770000457763672,22.8799991607666,22.329999923706055,22.43000030517578,960000,SNBR
3360,2013-05-14,22.399999618530273,22.690000534057617,22.329999923706055,22.479999542236328,688300,SNBR
3361,2013-05-15,22.459999084472656,22.829999923706055,22.3799991607666,22.389999389648438,1293100,SNBR
3362,2013-05-16,22.239999771118164,22.350000381469727,21.600000381469727,21.610000610351562,1052100,SNBR
3363,2013-05-17,21.81999969482422,22.149999618530273,21.690000534057617,22.1299991607666,997600,SNBR
3364,2013-05-20,22.1200008392334,22.350000381469727,21.989999771118164,22.0,436900,SNBR
3365,2013-05-21,22.030000686645508,22.270000457763672,21.540000915527344,22.010000228881836,850600,SNBR
3366,2013-05-22,22.139999389648438,22.440000534057617,20.639999389648438,21.0,1590600,SNBR
3367,2013-05-23,20.770000457763672,20.959999084472656,20.329999923706055,20.829999923706055,1231100,SNBR
3368,2013-05-24,20.6200008392334,20.950000762939453,20.510000228881836,20.90999984741211,554100,SNBR
3369,2013-05-28,21.559999465942383,22.68000030517578,21.559999465942383,22.479999542236328,1379000,SNBR
3370,2013-05-29,22.389999389648438,22.579999923706055,21.8700008392334,22.09000015258789,765900,SNBR
3371,2013-05-30,22.110000610351562,22.530000686645508,21.8700008392334,21.920000076293945,973400,SNBR
3372,2013-05-31,21.8799991607666,22.3700008392334,21.8700008392334,22.190000534057617,853700,SNBR
3373,2013-06-03,22.299999237060547,22.440000534057617,21.56999969482422,22.09000015258789,1068800,SNBR
3374,2013-06-04,22.049999237060547,22.459999084472656,21.40999984741211,21.649999618530273,672700,SNBR
3375,2013-06-05,21.709999084472656,22.540000915527344,21.360000610351562,21.510000228881836,820300,SNBR
3376,2013-06-06,21.579999923706055,21.93000030517578,21.149999618530273,21.56999969482422,796400,SNBR
3377,2013-06-07,21.790000915527344,22.239999771118164,21.3700008392334,22.200000762939453,850300,SNBR
3378,2013-06-10,22.3700008392334,22.809999465942383,22.059999465942383,22.760000228881836,814800,SNBR
3379,2013-06-11,22.520000457763672,22.969999313354492,22.229999542236328,22.40999984741211,1028800,SNBR
3380,2013-06-12,22.649999618530273,24.200000762939453,22.520000457763672,23.450000762939453,1611200,SNBR
3381,2013-06-13,23.520000457763672,24.610000610351562,23.420000076293945,24.43000030517578,1212500,SNBR
3382,2013-06-14,24.309999465942383,24.8799991607666,24.06999969482422,24.450000762939453,1079200,SNBR
3383,2013-06-17,24.399999618530273,25.559999465942383,24.18000030517578,25.350000381469727,1656400,SNBR
3384,2013-06-18,25.479999542236328,25.920000076293945,25.110000610351562,25.799999237060547,1053200,SNBR
3385,2013-06-19,25.770000457763672,26.420000076293945,25.540000915527344,25.709999084472656,1307500,SNBR
3386,2013-06-20,25.389999389648438,25.6200008392334,24.190000534057617,24.420000076293945,1677700,SNBR
3387,2013-06-21,24.520000457763672,24.81999969482422,23.489999771118164,23.780000686645508,4318300,SNBR
3388,2013-06-24,23.440000534057617,23.940000534057617,22.780000686645508,23.610000610351562,998500,SNBR
3389,2013-06-25,23.850000381469727,24.100000381469727,23.31999969482422,23.510000228881836,1079500,SNBR
3390,2013-06-26,23.809999465942383,24.670000076293945,23.719999313354492,24.510000228881836,1093100,SNBR
3391,2013-06-27,24.649999618530273,25.110000610351562,24.260000228881836,25.020000457763672,825200,SNBR
3392,2013-06-28,24.8799991607666,25.389999389648438,24.559999465942383,25.059999465942383,1277400,SNBR
3393,2013-07-01,25.149999618530273,26.309999465942383,25.149999618530273,25.8700008392334,931200,SNBR
3394,2013-07-02,25.940000534057617,26.200000762939453,25.190000534057617,25.309999465942383,1189800,SNBR
3395,2013-07-03,25.200000762939453,25.40999984741211,25.010000228881836,25.31999969482422,466000,SNBR
3396,2013-07-05,25.790000915527344,25.860000610351562,25.0,25.459999084472656,829200,SNBR
3397,2013-07-08,25.59000015258789,26.06999969482422,25.459999084472656,25.700000762939453,998600,SNBR
3398,2013-07-09,25.829999923706055,26.280000686645508,25.75,26.25,1786600,SNBR
3399,2013-07-10,26.170000076293945,27.020000457763672,25.90999984741211,26.5,1348700,SNBR
3400,2013-07-11,27.18000030517578,27.729999542236328,26.700000762939453,27.40999984741211,1915900,SNBR
3401,2013-07-12,27.260000228881836,27.84000015258789,27.059999465942383,27.549999237060547,839200,SNBR
3402,2013-07-15,27.59000015258789,27.81999969482422,27.170000076293945,27.329999923706055,895500,SNBR
3403,2013-07-16,27.239999771118164,27.489999771118164,26.729999542236328,27.010000228881836,1087900,SNBR
3404,2013-07-17,27.059999465942383,27.1200008392334,26.170000076293945,26.559999465942383,2732500,SNBR
3405,2013-07-18,24.700000762939453,25.649999618530273,23.899999618530273,24.030000686645508,5418100,SNBR
3406,2013-07-19,23.969999313354492,24.25,23.780000686645508,24.030000686645508,1028500,SNBR
3407,2013-07-22,23.850000381469727,24.149999618530273,23.690000534057617,23.920000076293945,1251200,SNBR
3408,2013-07-23,24.09000015258789,24.09000015258789,23.479999542236328,23.6299991607666,917300,SNBR
3409,2013-07-24,23.639999389648438,23.68000030517578,22.530000686645508,22.549999237060547,1422400,SNBR
3410,2013-07-25,22.440000534057617,22.68000030517578,22.299999237060547,22.6299991607666,1143600,SNBR
3411,2013-07-26,22.190000534057617,22.469999313354492,21.81999969482422,22.350000381469727,1720300,SNBR
3412,2013-07-29,22.600000381469727,22.8799991607666,22.200000762939453,22.270000457763672,1983900,SNBR
3413,2013-07-30,22.309999465942383,22.6299991607666,22.049999237060547,22.56999969482422,884600,SNBR
3414,2013-07-31,22.489999771118164,23.209999084472656,22.389999389648438,22.850000381469727,975500,SNBR
3415,2013-08-01,23.139999389648438,23.520000457763672,22.739999771118164,22.829999923706055,1091100,SNBR
3416,2013-08-02,22.790000915527344,23.0,22.56999969482422,22.709999084472656,753500,SNBR
3417,2013-08-05,22.6200008392334,22.860000610351562,22.450000762939453,22.5,769600,SNBR
3418,2013-08-06,22.5,22.5,21.8799991607666,22.18000030517578,888000,SNBR
3419,2013-08-07,22.049999237060547,22.25,21.610000610351562,21.81999969482422,1072900,SNBR
3420,2013-08-08,22.040000915527344,22.25,21.670000076293945,22.190000534057617,1109400,SNBR
3421,2013-08-09,22.200000762939453,22.329999923706055,21.760000228881836,22.110000610351562,501100,SNBR
3422,2013-08-12,21.959999084472656,22.75,21.950000762939453,22.65999984741211,717800,SNBR
3423,2013-08-13,22.729999542236328,23.139999389648438,22.520000457763672,23.100000381469727,926700,SNBR
3424,2013-08-14,23.030000686645508,23.200000762939453,22.479999542236328,22.489999771118164,668400,SNBR
3425,2013-08-15,22.170000076293945,22.6200008392334,21.729999542236328,21.989999771118164,949500,SNBR
3426,2013-08-16,21.8700008392334,22.020000457763672,21.6200008392334,21.709999084472656,818200,SNBR
3427,2013-08-19,21.600000381469727,21.610000610351562,21.0,21.010000228881836,835500,SNBR
3428,2013-08-20,21.079999923706055,22.020000457763672,20.920000076293945,21.950000762939453,908500,SNBR
3429,2013-08-21,21.920000076293945,22.280000686645508,20.479999542236328,21.770000457763672,637300,SNBR
3430,2013-08-22,21.899999618530273,22.540000915527344,21.670000076293945,22.450000762939453,582900,SNBR
3431,2013-08-23,22.75,23.350000381469727,22.540000915527344,23.139999389648438,1096700,SNBR
3432,2013-08-26,23.149999618530273,23.56999969482422,23.0,23.229999542236328,550200,SNBR
3433,2013-08-27,23.6200008392334,24.260000228881836,23.459999084472656,23.729999542236328,1361000,SNBR
3434,2013-08-28,23.65999984741211,24.56999969482422,23.600000381469727,24.270000457763672,1116900,SNBR
3435,2013-08-29,24.139999389648438,24.600000381469727,23.969999313354492,23.979999542236328,871100,SNBR
3436,2013-08-30,24.90999984741211,25.59000015258789,24.579999923706055,24.700000762939453,1231200,SNBR
3437,2013-09-03,25.020000457763672,25.18000030517578,24.190000534057617,24.6299991607666,897300,SNBR
3438,2013-09-04,24.739999771118164,25.709999084472656,24.6200008392334,25.649999618530273,2079400,SNBR
3439,2013-09-05,25.600000381469727,25.8700008392334,25.280000686645508,25.649999618530273,814400,SNBR
3440,2013-09-06,24.75,25.170000076293945,23.8799991607666,24.43000030517578,2380000,SNBR
3441,2013-09-09,24.600000381469727,25.399999618530273,24.40999984741211,24.719999313354492,1049400,SNBR
3442,2013-09-10,24.790000915527344,25.049999237060547,24.450000762939453,24.639999389648438,824000,SNBR
3443,2013-09-11,24.639999389648438,24.799999237060547,24.1299991607666,24.3799991607666,781300,SNBR
3444,2013-09-12,24.399999618530273,24.700000762939453,23.979999542236328,24.040000915527344,524000,SNBR
3445,2013-09-13,24.1299991607666,24.479999542236328,23.809999465942383,24.440000534057617,724300,SNBR
3446,2013-09-16,24.770000457763672,25.049999237060547,24.030000686645508,24.1200008392334,788100,SNBR
3447,2013-09-17,24.09000015258789,24.229999542236328,23.90999984741211,24.079999923706055,1785900,SNBR
3448,2013-09-18,24.1200008392334,25.56999969482422,23.8700008392334,25.270000457763672,1593200,SNBR
3449,2013-09-19,25.290000915527344,25.850000381469727,24.440000534057617,24.65999984741211,1076100,SNBR
3450,2013-09-20,24.780000686645508,25.709999084472656,24.770000457763672,24.8799991607666,2150400,SNBR
3451,2013-09-23,24.8799991607666,24.8799991607666,23.989999771118164,24.43000030517578,718400,SNBR
3452,2013-09-24,24.3799991607666,25.040000915527344,24.06999969482422,24.6200008392334,1207200,SNBR
3453,2013-09-25,24.579999923706055,25.239999771118164,24.239999771118164,24.770000457763672,713100,SNBR
3454,2013-09-26,24.920000076293945,25.299999237060547,24.540000915527344,24.760000228881836,638400,SNBR
3455,2013-09-27,24.530000686645508,24.93000030517578,24.0,24.469999313354492,831700,SNBR
3456,2013-09-30,24.260000228881836,24.530000686645508,24.0,24.350000381469727,1554200,SNBR
3457,2013-10-01,24.3799991607666,25.18000030517578,24.329999923706055,24.979999542236328,972700,SNBR
3458,2013-10-02,24.790000915527344,25.1200008392334,24.440000534057617,25.040000915527344,734100,SNBR
3459,2013-10-03,24.920000076293945,25.190000534057617,24.56999969482422,25.170000076293945,782600,SNBR
3460,2013-10-04,25.25,25.899999618530273,25.030000686645508,25.56999969482422,1120500,SNBR
3461,2013-10-07,25.290000915527344,25.75,25.0,25.549999237060547,1059200,SNBR
3462,2013-10-08,25.56999969482422,26.0,25.280000686645508,25.489999771118164,1396500,SNBR
3463,2013-10-09,25.639999389648438,26.34000015258789,25.219999313354492,25.90999984741211,1928300,SNBR
3464,2013-10-10,26.350000381469727,26.469999313354492,25.260000228881836,25.729999542236328,1284400,SNBR
3465,2013-10-11,25.549999237060547,26.079999923706055,25.06999969482422,26.020000457763672,1022500,SNBR
3466,2013-10-14,25.75,25.93000030517578,25.25,25.75,1469800,SNBR
3467,2013-10-15,25.600000381469727,25.700000762939453,24.149999618530273,24.690000534057617,2353100,SNBR
3468,2013-10-16,24.799999237060547,24.920000076293945,24.0,24.200000762939453,5593700,SNBR
3469,2013-10-17,18.31999969482422,19.190000534057617,17.700000762939453,18.989999771118164,14029200,SNBR
3470,2013-10-18,18.989999771118164,19.020000457763672,18.479999542236328,18.600000381469727,3605700,SNBR
3471,2013-10-21,18.559999465942383,18.6299991607666,18.020000457763672,18.040000915527344,1877700,SNBR
3472,2013-10-22,18.079999923706055,18.459999084472656,17.739999771118164,18.40999984741211,2606000,SNBR
3473,2013-10-23,18.280000686645508,19.049999237060547,18.200000762939453,18.950000762939453,1368800,SNBR
3474,2013-10-24,18.989999771118164,19.040000915527344,18.739999771118164,19.0,826400,SNBR
3475,2013-10-25,19.100000381469727,19.1299991607666,18.709999084472656,18.790000915527344,1322000,SNBR
3476,2013-10-28,18.760000228881836,18.790000915527344,18.299999237060547,18.530000686645508,1012200,SNBR
3477,2013-10-29,18.6299991607666,18.84000015258789,18.190000534057617,18.3700008392334,1043800,SNBR
3478,2013-10-30,18.34000015258789,18.989999771118164,18.149999618530273,18.739999771118164,1041500,SNBR
3479,2013-10-31,18.709999084472656,18.729999542236328,18.280000686645508,18.31999969482422,521000,SNBR
3480,2013-11-01,18.290000915527344,18.649999618530273,18.020000457763672,18.450000762939453,821200,SNBR
3481,2013-11-04,18.56999969482422,19.0,18.450000762939453,18.780000686645508,999000,SNBR
3482,2013-11-05,18.729999542236328,18.920000076293945,18.450000762939453,18.75,631000,SNBR
3483,2013-11-06,18.81999969482422,18.81999969482422,18.309999465942383,18.450000762939453,543600,SNBR
3484,2013-11-07,18.979999542236328,19.3799991607666,18.350000381469727,18.43000030517578,1317100,SNBR
3485,2013-11-08,18.43000030517578,19.030000686645508,18.31999969482422,19.020000457763672,807900,SNBR
3486,2013-11-11,19.049999237060547,19.329999923706055,18.8799991607666,19.010000228881836,676200,SNBR
3487,2013-11-12,19.020000457763672,20.270000457763672,19.020000457763672,20.170000076293945,1660200,SNBR
3488,2013-11-13,20.06999969482422,20.75,20.0,20.280000686645508,1113700,SNBR
3489,2013-11-14,20.25,20.399999618530273,19.93000030517578,20.270000457763672,850600,SNBR
3490,2013-11-15,20.270000457763672,20.43000030517578,19.889999389648438,20.139999389648438,1012400,SNBR
3491,2013-11-18,20.18000030517578,20.709999084472656,19.739999771118164,19.8799991607666,1017100,SNBR
3492,2013-11-19,19.93000030517578,20.209999084472656,19.520000457763672,19.65999984741211,964000,SNBR
3493,2013-11-20,19.780000686645508,20.3700008392334,19.65999984741211,19.860000610351562,981700,SNBR
3494,2013-11-21,19.90999984741211,20.450000762939453,19.829999923706055,20.350000381469727,1378500,SNBR
3495,2013-11-22,20.299999237060547,20.700000762939453,20.219999313354492,20.649999618530273,853400,SNBR
3496,2013-11-25,20.65999984741211,20.770000457763672,20.389999389648438,20.559999465942383,565100,SNBR
3497,2013-11-26,20.6299991607666,21.079999923706055,20.549999237060547,21.0,1577700,SNBR
3498,2013-11-27,21.06999969482422,21.110000610351562,20.479999542236328,21.010000228881836,822400,SNBR
3499,2013-11-29,21.049999237060547,21.389999389648438,20.979999542236328,21.110000610351562,369700,SNBR
3500,2013-12-02,21.1299991607666,21.149999618530273,20.709999084472656,20.799999237060547,744700,SNBR
3501,2013-12-03,20.709999084472656,20.920000076293945,20.309999465942383,20.3700008392334,1046900,SNBR
3502,2013-12-04,20.34000015258789,20.559999465942383,19.90999984741211,20.350000381469727,804700,SNBR
3503,2013-12-05,20.510000228881836,21.170000076293945,20.479999542236328,20.770000457763672,1005000,SNBR
3504,2013-12-06,20.899999618530273,21.010000228881836,20.5,20.719999313354492,525500,SNBR
3505,2013-12-09,20.760000228881836,21.049999237060547,20.75,20.979999542236328,650800,SNBR
3506,2013-12-10,20.950000762939453,21.1299991607666,20.799999237060547,20.8799991607666,678000,SNBR
3507,2013-12-11,20.889999389648438,20.93000030517578,20.020000457763672,20.049999237060547,560200,SNBR
3508,2013-12-12,20.010000228881836,20.200000762939453,19.84000015258789,19.989999771118164,519000,SNBR
3509,2013-12-13,20.030000686645508,20.360000610351562,19.690000534057617,19.979999542236328,444000,SNBR
3510,2013-12-16,20.18000030517578,20.709999084472656,19.899999618530273,20.479999542236328,660800,SNBR
3511,2013-12-17,20.440000534057617,20.829999923706055,20.260000228881836,20.549999237060547,516600,SNBR
3512,2013-12-18,20.6200008392334,21.360000610351562,20.579999923706055,21.270000457763672,750400,SNBR
3513,2013-12-19,21.190000534057617,21.299999237060547,20.979999542236328,21.049999237060547,500400,SNBR
3514,2013-12-20,21.1200008392334,21.360000610351562,20.84000015258789,20.90999984741211,2194700,SNBR
3515,2013-12-23,20.979999542236328,21.93000030517578,20.670000076293945,21.780000686645508,1081100,SNBR
3516,2013-12-24,21.84000015258789,21.920000076293945,21.3799991607666,21.510000228881836,285200,SNBR
3517,2013-12-26,21.540000915527344,21.850000381469727,21.389999389648438,21.65999984741211,620200,SNBR
3518,2013-12-27,21.530000686645508,21.790000915527344,21.139999389648438,21.219999313354492,399300,SNBR
3519,2013-12-30,21.309999465942383,21.75,21.200000762939453,21.649999618530273,408300,SNBR
3520,2013-12-31,21.709999084472656,21.8799991607666,21.079999923706055,21.09000015258789,672000,SNBR
3521,2014-01-02,21.079999923706055,21.229999542236328,20.809999465942383,21.18000030517578,657600,SNBR
3522,2014-01-03,21.18000030517578,21.450000762939453,21.049999237060547,21.350000381469727,457600,SNBR
3523,2014-01-06,17.950000762939453,17.979999542236328,16.8799991607666,17.280000686645508,7146300,SNBR
3524,2014-01-07,17.170000076293945,18.25,17.170000076293945,18.040000915527344,3747600,SNBR
3525,2014-01-08,17.360000610351562,18.0,17.139999389648438,17.899999618530273,2707300,SNBR
3526,2014-01-09,17.8700008392334,17.979999542236328,17.219999313354492,17.229999542236328,1518300,SNBR
3527,2014-01-10,17.219999313354492,17.579999923706055,17.209999084472656,17.510000228881836,834000,SNBR
3528,2014-01-13,17.40999984741211,17.450000762939453,16.709999084472656,16.790000915527344,2053900,SNBR
3529,2014-01-14,16.860000610351562,17.0,16.690000534057617,16.780000686645508,854800,SNBR
3530,2014-01-15,16.799999237060547,16.93000030517578,16.459999084472656,16.639999389648438,1358000,SNBR
3531,2014-01-16,16.600000381469727,16.719999313354492,16.3700008392334,16.690000534057617,1275800,SNBR
3532,2014-01-17,16.649999618530273,16.729999542236328,16.299999237060547,16.34000015258789,1066200,SNBR
3533,2014-01-21,16.850000381469727,17.25,16.75,16.90999984741211,1459700,SNBR
3534,2014-01-22,16.979999542236328,17.350000381469727,16.809999465942383,17.190000534057617,1245400,SNBR
3535,2014-01-23,17.18000030517578,17.3799991607666,17.010000228881836,17.15999984741211,842300,SNBR
3536,2014-01-24,17.06999969482422,17.15999984741211,16.559999465942383,16.75,2068300,SNBR
3537,2014-01-27,16.739999771118164,16.950000762939453,16.309999465942383,16.670000076293945,1275500,SNBR
3538,2014-01-28,16.649999618530273,17.1200008392334,16.56999969482422,16.75,899600,SNBR
3539,2014-01-29,16.579999923706055,16.770000457763672,16.270000457763672,16.3799991607666,1121500,SNBR
3540,2014-01-30,16.559999465942383,16.739999771118164,16.34000015258789,16.43000030517578,787200,SNBR
3541,2014-01-31,16.190000534057617,16.5,16.100000381469727,16.3700008392334,729000,SNBR
3542,2014-02-03,16.3799991607666,16.549999237060547,15.550000190734863,15.760000228881836,1134700,SNBR
3543,2014-02-04,15.800000190734863,16.06999969482422,15.649999618530273,15.850000381469727,1005700,SNBR
3544,2014-02-05,15.859999656677246,16.049999237060547,15.3100004196167,15.670000076293945,1524200,SNBR
3545,2014-02-06,15.75,16.649999618530273,15.75,16.520000457763672,2636000,SNBR
3546,2014-02-07,16.530000686645508,16.93000030517578,16.530000686645508,16.649999618530273,1296400,SNBR
3547,2014-02-10,16.56999969482422,17.100000381469727,16.56999969482422,16.940000534057617,1031900,SNBR
3548,2014-02-11,16.920000076293945,17.079999923706055,16.729999542236328,16.889999389648438,621900,SNBR
3549,2014-02-12,16.959999084472656,17.280000686645508,16.90999984741211,17.06999969482422,660400,SNBR
3550,2014-02-13,16.959999084472656,17.5,16.899999618530273,17.280000686645508,685400,SNBR
3551,2014-02-14,17.3700008392334,17.719999313354492,17.15999984741211,17.610000610351562,1014700,SNBR
3552,2014-02-18,17.760000228881836,17.959999084472656,17.25,17.649999618530273,726000,SNBR
3553,2014-02-19,17.420000076293945,17.75,17.280000686645508,17.459999084472656,668400,SNBR
3554,2014-02-20,17.459999084472656,17.719999313354492,17.290000915527344,17.549999237060547,1066400,SNBR
3555,2014-02-21,17.56999969482422,17.899999618530273,17.360000610351562,17.809999465942383,1036800,SNBR
3556,2014-02-24,17.850000381469727,18.040000915527344,17.649999618530273,17.829999923706055,800600,SNBR
3557,2014-02-25,17.790000915527344,18.010000228881836,17.670000076293945,17.739999771118164,757000,SNBR
3558,2014-02-26,17.780000686645508,18.6200008392334,17.65999984741211,18.510000228881836,1646600,SNBR
3559,2014-02-27,18.459999084472656,18.610000610351562,17.989999771118164,18.079999923706055,719300,SNBR
3560,2014-02-28,18.100000381469727,18.200000762939453,17.84000015258789,18.059999465942383,852600,SNBR
3561,2014-03-03,17.860000610351562,18.049999237060547,17.649999618530273,18.010000228881836,510500,SNBR
3562,2014-03-04,18.18000030517578,18.360000610351562,17.860000610351562,18.18000030517578,799200,SNBR
3563,2014-03-05,18.09000015258789,18.399999618530273,18.09000015258789,18.299999237060547,683800,SNBR
3564,2014-03-06,18.31999969482422,18.540000915527344,18.200000762939453,18.459999084472656,515300,SNBR
3565,2014-03-07,18.59000015258789,18.65999984741211,17.950000762939453,18.010000228881836,527600,SNBR
3566,2014-03-10,17.93000030517578,18.110000610351562,17.68000030517578,17.790000915527344,540200,SNBR
3567,2014-03-11,17.829999923706055,17.940000534057617,17.389999389648438,17.479999542236328,600000,SNBR
3568,2014-03-12,17.3799991607666,17.670000076293945,17.18000030517578,17.420000076293945,744000,SNBR
3569,2014-03-13,17.450000762939453,17.600000381469727,16.610000610351562,16.610000610351562,1194800,SNBR
3570,2014-03-14,16.510000228881836,17.110000610351562,16.510000228881836,17.030000686645508,1002800,SNBR
3571,2014-03-17,17.09000015258789,17.350000381469727,16.700000762939453,17.040000915527344,1042900,SNBR
3572,2014-03-18,17.079999923706055,17.329999923706055,16.90999984741211,17.059999465942383,675500,SNBR
3573,2014-03-19,16.90999984741211,17.309999465942383,16.809999465942383,17.079999923706055,849400,SNBR
3574,2014-03-20,17.06999969482422,17.239999771118164,16.75,17.010000228881836,745800,SNBR
3575,2014-03-21,17.030000686645508,17.700000762939453,17.030000686645508,17.40999984741211,7171900,SNBR
3576,2014-03-24,17.440000534057617,17.670000076293945,17.0,17.450000762939453,1043000,SNBR
3577,2014-03-25,17.600000381469727,17.899999618530273,17.25,17.780000686645508,841600,SNBR
3578,2014-03-26,17.889999389648438,18.079999923706055,17.459999084472656,17.5,1083600,SNBR
3579,2014-03-27,17.459999084472656,17.639999389648438,17.100000381469727,17.18000030517578,520700,SNBR
3580,2014-03-28,17.149999618530273,17.790000915527344,17.149999618530273,17.770000457763672,655200,SNBR
3581,2014-03-31,17.84000015258789,18.280000686645508,17.739999771118164,18.079999923706055,665900,SNBR
3582,2014-04-01,18.09000015258789,18.1299991607666,17.920000076293945,18.100000381469727,522000,SNBR
3583,2014-04-02,18.079999923706055,18.450000762939453,18.030000686645508,18.399999618530273,548500,SNBR
3584,2014-04-03,18.450000762939453,18.489999771118164,18.18000030517578,18.329999923706055,427700,SNBR
3585,2014-04-04,18.3700008392334,18.600000381469727,18.040000915527344,18.100000381469727,565300,SNBR
3586,2014-04-07,18.049999237060547,18.209999084472656,17.309999465942383,17.360000610351562,442300,SNBR
3587,2014-04-08,17.3799991607666,17.760000228881836,17.329999923706055,17.6299991607666,514600,SNBR
3588,2014-04-09,17.700000762939453,17.889999389648438,17.459999084472656,17.829999923706055,258700,SNBR
3589,2014-04-10,17.729999542236328,17.8700008392334,17.06999969482422,17.170000076293945,536600,SNBR
3590,2014-04-11,16.979999542236328,17.309999465942383,16.790000915527344,17.1200008392334,425900,SNBR
3591,2014-04-14,17.280000686645508,17.959999084472656,17.270000457763672,17.649999618530273,878500,SNBR
3592,2014-04-15,17.65999984741211,17.889999389648438,17.15999984741211,17.75,988700,SNBR
3593,2014-04-16,17.850000381469727,18.049999237060547,17.75,17.860000610351562,739900,SNBR
3594,2014-04-17,17.889999389648438,18.0,17.6299991607666,17.75,956700,SNBR
3595,2014-04-21,18.040000915527344,20.18000030517578,18.040000915527344,19.579999923706055,3169900,SNBR
3596,2014-04-22,20.1299991607666,20.1299991607666,19.15999984741211,19.290000915527344,1373500,SNBR
3597,2014-04-23,19.290000915527344,19.610000610351562,18.770000457763672,18.809999465942383,1000600,SNBR
3598,2014-04-24,18.899999618530273,19.139999389648438,18.469999313354492,19.030000686645508,593500,SNBR
3599,2014-04-25,18.950000762939453,18.950000762939453,18.3799991607666,18.459999084472656,599400,SNBR
3600,2014-04-28,18.559999465942383,18.719999313354492,18.0,18.6299991607666,683700,SNBR
3601,2014-04-29,18.649999618530273,18.850000381469727,18.440000534057617,18.479999542236328,325200,SNBR
3602,2014-04-30,18.420000076293945,18.450000762939453,18.100000381469727,18.399999618530273,507600,SNBR
3603,2014-05-01,18.450000762939453,18.889999389648438,18.350000381469727,18.65999984741211,465400,SNBR
3604,2014-05-02,18.719999313354492,19.290000915527344,18.719999313354492,18.969999313354492,417700,SNBR
3605,2014-05-05,18.770000457763672,19.09000015258789,18.5,18.760000228881836,378700,SNBR
3606,2014-05-06,18.729999542236328,18.829999923706055,18.43000030517578,18.530000686645508,476100,SNBR
3607,2014-05-07,18.600000381469727,18.670000076293945,18.40999984741211,18.6299991607666,353500,SNBR
3608,2014-05-08,18.6299991607666,19.09000015258789,18.479999542236328,18.5,301300,SNBR
3609,2014-05-09,18.5,18.799999237060547,18.399999618530273,18.670000076293945,467700,SNBR
3610,2014-05-12,18.75,19.18000030517578,18.520000457763672,19.06999969482422,483800,SNBR
3611,2014-05-13,19.079999923706055,19.229999542236328,18.709999084472656,18.75,414700,SNBR
3612,2014-05-14,18.719999313354492,18.829999923706055,18.459999084472656,18.5,453200,SNBR
3613,2014-05-15,18.5,18.65999984741211,18.209999084472656,18.520000457763672,449900,SNBR
3614,2014-05-16,18.6200008392334,18.90999984741211,18.489999771118164,18.90999984741211,358600,SNBR
3615,2014-05-19,18.84000015258789,18.969999313354492,18.649999618530273,18.8799991607666,196800,SNBR
3616,2014-05-20,18.84000015258789,18.84000015258789,18.459999084472656,18.510000228881836,389100,SNBR
3617,2014-05-21,18.56999969482422,18.799999237060547,18.450000762939453,18.510000228881836,333400,SNBR
3618,2014-05-22,18.610000610351562,18.84000015258789,18.59000015258789,18.68000030517578,251600,SNBR
3619,2014-05-23,18.670000076293945,19.329999923706055,18.540000915527344,19.260000228881836,547300,SNBR
3620,2014-05-27,19.3700008392334,19.75,19.360000610351562,19.56999969482422,363400,SNBR
3621,2014-05-28,19.6299991607666,19.6299991607666,18.889999389648438,18.940000534057617,390300,SNBR
3622,2014-05-29,19.0,19.040000915527344,18.56999969482422,18.610000610351562,385400,SNBR
3623,2014-05-30,18.6299991607666,18.889999389648438,18.479999542236328,18.540000915527344,445700,SNBR
3624,2014-06-02,18.59000015258789,18.700000762939453,18.440000534057617,18.610000610351562,399700,SNBR
3625,2014-06-03,18.540000915527344,18.81999969482422,18.5,18.719999313354492,611500,SNBR
3626,2014-06-04,18.579999923706055,19.399999618530273,18.5,19.350000381469727,503900,SNBR
3627,2014-06-05,19.399999618530273,19.670000076293945,18.899999618530273,19.399999618530273,370900,SNBR
3628,2014-06-06,19.540000915527344,19.899999618530273,19.489999771118164,19.8799991607666,279300,SNBR
3629,2014-06-09,19.850000381469727,20.100000381469727,19.68000030517578,19.709999084472656,303200,SNBR
3630,2014-06-10,19.65999984741211,19.65999984741211,19.200000762939453,19.350000381469727,356500,SNBR
3631,2014-06-11,19.25,19.600000381469727,19.190000534057617,19.540000915527344,202300,SNBR
3632,2014-06-12,19.549999237060547,19.610000610351562,19.219999313354492,19.25,258200,SNBR
3633,2014-06-13,19.34000015258789,19.479999542236328,19.0,19.389999389648438,251500,SNBR
3634,2014-06-16,19.350000381469727,19.600000381469727,19.139999389648438,19.56999969482422,340000,SNBR
3635,2014-06-17,19.489999771118164,19.719999313354492,19.360000610351562,19.6299991607666,259600,SNBR
3636,2014-06-18,19.549999237060547,19.899999618530273,19.549999237060547,19.829999923706055,340900,SNBR
3637,2014-06-19,19.8799991607666,20.049999237060547,19.809999465942383,19.969999313354492,219900,SNBR
3638,2014-06-20,20.0,20.100000381469727,19.65999984741211,19.84000015258789,752300,SNBR
3639,2014-06-23,19.899999618530273,20.049999237060547,19.729999542236328,19.920000076293945,344500,SNBR
3640,2014-06-24,19.860000610351562,20.290000915527344,19.81999969482422,19.899999618530273,328400,SNBR
3641,2014-06-25,19.8700008392334,20.350000381469727,19.809999465942383,20.31999969482422,286300,SNBR
3642,2014-06-26,20.229999542236328,20.3799991607666,19.940000534057617,20.010000228881836,287100,SNBR
3643,2014-06-27,19.8700008392334,20.360000610351562,19.809999465942383,20.309999465942383,896700,SNBR
3644,2014-06-30,20.31999969482422,20.760000228881836,20.15999984741211,20.65999984741211,475300,SNBR
3645,2014-07-01,20.739999771118164,21.18000030517578,20.700000762939453,20.770000457763672,598400,SNBR
3646,2014-07-02,20.729999542236328,21.030000686645508,20.639999389648438,20.700000762939453,221200,SNBR
3647,2014-07-03,20.709999084472656,21.149999618530273,20.579999923706055,21.049999237060547,218700,SNBR
3648,2014-07-07,20.940000534057617,21.0,20.56999969482422,20.770000457763672,280900,SNBR
3649,2014-07-08,20.68000030517578,21.0,20.15999984741211,20.280000686645508,577000,SNBR
3650,2014-07-09,20.260000228881836,20.469999313354492,19.959999084472656,20.010000228881836,552900,SNBR
3651,2014-07-10,19.450000762939453,20.030000686645508,19.209999084472656,19.850000381469727,481900,SNBR
3652,2014-07-11,19.760000228881836,20.040000915527344,19.6299991607666,19.790000915527344,501700,SNBR
3653,2014-07-14,19.940000534057617,20.059999465942383,19.799999237060547,19.829999923706055,522200,SNBR
3654,2014-07-15,19.93000030517578,19.989999771118164,19.15999984741211,19.200000762939453,1365400,SNBR
3655,2014-07-16,19.25,19.489999771118164,18.75,18.979999542236328,2614100,SNBR
3656,2014-07-17,20.760000228881836,21.25,20.15999984741211,20.559999465942383,4210800,SNBR
3657,2014-07-18,20.25,20.760000228881836,20.190000534057617,20.600000381469727,1018000,SNBR
3658,2014-07-21,20.399999618530273,20.5,20.139999389648438,20.239999771118164,486100,SNBR
3659,2014-07-22,20.399999618530273,20.520000457763672,20.079999923706055,20.31999969482422,677800,SNBR
3660,2014-07-23,20.270000457763672,20.700000762939453,19.860000610351562,20.579999923706055,876600,SNBR
3661,2014-07-24,20.6200008392334,20.969999313354492,20.530000686645508,20.780000686645508,851100,SNBR
3662,2014-07-25,20.540000915527344,20.690000534057617,20.450000762939453,20.479999542236328,496500,SNBR
3663,2014-07-28,20.469999313354492,20.5,20.0,20.139999389648438,337700,SNBR
3664,2014-07-29,20.139999389648438,20.399999618530273,20.079999923706055,20.290000915527344,465300,SNBR
3665,2014-07-30,20.420000076293945,20.459999084472656,20.200000762939453,20.31999969482422,319600,SNBR
3666,2014-07-31,20.020000457763672,20.3799991607666,19.6200008392334,20.200000762939453,553800,SNBR
3667,2014-08-01,20.260000228881836,20.420000076293945,20.020000457763672,20.25,524300,SNBR
3668,2014-08-04,20.270000457763672,20.579999923706055,20.149999618530273,20.520000457763672,487900,SNBR
3669,2014-08-05,20.389999389648438,20.8799991607666,20.389999389648438,20.579999923706055,400800,SNBR
3670,2014-08-06,20.489999771118164,20.899999618530273,20.34000015258789,20.700000762939453,330100,SNBR
3671,2014-08-07,20.770000457763672,20.8799991607666,20.649999618530273,20.799999237060547,442500,SNBR
3672,2014-08-08,20.799999237060547,21.149999618530273,20.6299991607666,21.06999969482422,623300,SNBR
3673,2014-08-11,21.5,21.889999389648438,21.360000610351562,21.489999771118164,729400,SNBR
3674,2014-08-12,21.459999084472656,21.6200008392334,21.149999618530273,21.360000610351562,396500,SNBR
3675,2014-08-13,21.3700008392334,21.530000686645508,21.299999237060547,21.389999389648438,353300,SNBR
3676,2014-08-14,21.31999969482422,21.520000457763672,21.260000228881836,21.489999771118164,406000,SNBR
3677,2014-08-15,21.709999084472656,21.709999084472656,20.959999084472656,21.329999923706055,478100,SNBR
3678,2014-08-18,21.579999923706055,21.8700008392334,21.40999984741211,21.8700008392334,447600,SNBR
3679,2014-08-19,21.889999389648438,22.18000030517578,21.760000228881836,22.15999984741211,679300,SNBR
3680,2014-08-20,22.079999923706055,22.34000015258789,21.899999618530273,22.010000228881836,894200,SNBR
3681,2014-08-21,21.989999771118164,22.149999618530273,21.799999237060547,22.09000015258789,423200,SNBR
3682,2014-08-22,22.15999984741211,22.34000015258789,22.059999465942383,22.209999084472656,362300,SNBR
3683,2014-08-25,22.299999237060547,22.329999923706055,21.920000076293945,22.09000015258789,431900,SNBR
3684,2014-08-26,22.0,22.389999389648438,21.90999984741211,22.34000015258789,612300,SNBR
3685,2014-08-27,22.459999084472656,22.739999771118164,22.360000610351562,22.5,490700,SNBR
3686,2014-08-28,22.329999923706055,22.329999923706055,22.020000457763672,22.139999389648438,340200,SNBR
3687,2014-08-29,22.15999984741211,22.459999084472656,22.010000228881836,22.3700008392334,448900,SNBR
3688,2014-09-02,22.360000610351562,22.459999084472656,22.1200008392334,22.389999389648438,471000,SNBR
3689,2014-09-03,22.440000534057617,22.5,22.139999389648438,22.219999313354492,351900,SNBR
3690,2014-09-04,22.219999313354492,22.579999923706055,22.049999237060547,22.270000457763672,307500,SNBR
3691,2014-09-05,22.219999313354492,22.3799991607666,21.989999771118164,22.290000915527344,263400,SNBR
3692,2014-09-08,22.280000686645508,22.600000381469727,22.09000015258789,22.540000915527344,566200,SNBR
3693,2014-09-09,22.459999084472656,22.6299991607666,22.190000534057617,22.40999984741211,476200,SNBR
3694,2014-09-10,22.420000076293945,22.59000015258789,22.15999984741211,22.299999237060547,275900,SNBR
3695,2014-09-11,22.170000076293945,22.559999465942383,22.170000076293945,22.420000076293945,716700,SNBR
3696,2014-09-12,22.479999542236328,22.540000915527344,21.709999084472656,21.780000686645508,573700,SNBR
3697,2014-09-15,21.850000381469727,22.030000686645508,21.59000015258789,21.649999618530273,504900,SNBR
3698,2014-09-16,21.56999969482422,22.059999465942383,21.43000030517578,21.920000076293945,650000,SNBR
3699,2014-09-17,21.979999542236328,22.260000228881836,21.8700008392334,21.90999984741211,834100,SNBR
3700,2014-09-18,21.969999313354492,22.0,21.610000610351562,21.809999465942383,893300,SNBR
3701,2014-09-19,21.850000381469727,22.0,20.450000762939453,20.90999984741211,4821800,SNBR
3702,2014-09-22,20.829999923706055,20.829999923706055,19.969999313354492,19.989999771118164,1087100,SNBR
3703,2014-09-23,19.84000015258789,20.3700008392334,19.700000762939453,19.959999084472656,708200,SNBR
3704,2014-09-24,20.079999923706055,20.43000030517578,19.8700008392334,20.31999969482422,562500,SNBR
3705,2014-09-25,20.260000228881836,20.479999542236328,20.059999465942383,20.1200008392334,498100,SNBR
3706,2014-09-26,20.25,20.520000457763672,20.25,20.520000457763672,525100,SNBR
3707,2014-09-29,20.520000457763672,20.93000030517578,20.25,20.889999389648438,903500,SNBR
3708,2014-09-30,20.93000030517578,21.1200008392334,20.670000076293945,20.920000076293945,1040200,SNBR
3709,2014-10-01,21.06999969482422,21.270000457763672,20.040000915527344,20.18000030517578,1062700,SNBR
3710,2014-10-02,20.1200008392334,20.719999313354492,20.110000610351562,20.520000457763672,657200,SNBR
3711,2014-10-03,20.709999084472656,20.8799991607666,20.510000228881836,20.799999237060547,498800,SNBR
3712,2014-10-06,20.860000610351562,21.06999969482422,20.520000457763672,20.719999313354492,1082700,SNBR
3713,2014-10-07,20.649999618530273,20.75,20.299999237060547,20.329999923706055,398700,SNBR
3714,2014-10-08,20.350000381469727,20.770000457763672,20.18000030517578,20.75,412400,SNBR
3715,2014-10-09,20.719999313354492,20.899999618530273,20.25,20.280000686645508,376800,SNBR
3716,2014-10-10,20.18000030517578,20.8799991607666,20.100000381469727,20.219999313354492,647700,SNBR
3717,2014-10-13,20.290000915527344,20.56999969482422,20.030000686645508,20.09000015258789,377100,SNBR
3718,2014-10-14,20.299999237060547,20.670000076293945,20.15999984741211,20.420000076293945,544800,SNBR
3719,2014-10-15,20.18000030517578,20.829999923706055,19.729999542236328,20.799999237060547,1027900,SNBR
3720,2014-10-16,20.459999084472656,21.239999771118164,20.459999084472656,20.8799991607666,817000,SNBR
3721,2014-10-17,21.190000534057617,21.329999923706055,20.8799991607666,21.1299991607666,747000,SNBR
3722,2014-10-20,21.100000381469727,21.93000030517578,21.010000228881836,21.729999542236328,1177100,SNBR
3723,2014-10-21,21.799999237060547,21.989999771118164,21.280000686645508,21.799999237060547,600100,SNBR
3724,2014-10-22,21.799999237060547,22.0,21.510000228881836,21.579999923706055,1758000,SNBR
3725,2014-10-23,24.270000457763672,25.700000762939453,24.049999237060547,25.079999923706055,5679500,SNBR
3726,2014-10-24,25.0,25.969999313354492,25.0,25.489999771118164,1557700,SNBR
3727,2014-10-27,25.43000030517578,25.93000030517578,25.3700008392334,25.549999237060547,1434000,SNBR
3728,2014-10-28,25.56999969482422,26.030000686645508,25.399999618530273,25.719999313354492,1655400,SNBR
3729,2014-10-29,25.610000610351562,25.8700008392334,25.079999923706055,25.309999465942383,1112800,SNBR
3730,2014-10-30,25.299999237060547,25.760000228881836,25.239999771118164,25.65999984741211,863000,SNBR
3731,2014-10-31,26.010000228881836,26.1200008392334,25.15999984741211,25.690000534057617,1101400,SNBR
3732,2014-11-03,25.760000228881836,26.239999771118164,25.549999237060547,26.100000381469727,1094200,SNBR
3733,2014-11-04,25.989999771118164,26.3799991607666,25.75,25.899999618530273,655400,SNBR
3734,2014-11-05,26.030000686645508,26.079999923706055,25.829999923706055,25.8700008392334,503200,SNBR
3735,2014-11-06,25.93000030517578,26.110000610351562,25.770000457763672,26.030000686645508,796300,SNBR
3736,2014-11-07,26.049999237060547,26.149999618530273,25.790000915527344,26.139999389648438,748100,SNBR
3737,2014-11-10,26.100000381469727,26.489999771118164,25.950000762939453,26.389999389648438,640800,SNBR
3738,2014-11-11,26.43000030517578,26.850000381469727,26.139999389648438,26.56999969482422,543000,SNBR
3739,2014-11-12,26.459999084472656,27.09000015258789,26.25,26.989999771118164,464600,SNBR
3740,2014-11-13,27.059999465942383,27.059999465942383,26.530000686645508,26.65999984741211,389600,SNBR
3741,2014-11-14,26.729999542236328,26.889999389648438,26.469999313354492,26.530000686645508,465600,SNBR
3742,2014-11-17,26.479999542236328,26.799999237060547,26.209999084472656,26.229999542236328,384300,SNBR
3743,2014-11-18,26.229999542236328,26.739999771118164,25.829999923706055,25.8799991607666,450400,SNBR
3744,2014-11-19,25.940000534057617,26.440000534057617,25.610000610351562,26.09000015258789,555500,SNBR
3745,2014-11-20,26.010000228881836,26.68000030517578,25.969999313354492,26.559999465942383,595700,SNBR
3746,2014-11-21,26.8799991607666,26.969999313354492,26.139999389648438,26.190000534057617,479500,SNBR
3747,2014-11-24,26.219999313354492,26.950000762939453,26.200000762939453,26.719999313354492,448600,SNBR
3748,2014-11-25,26.770000457763672,27.040000915527344,26.34000015258789,26.520000457763672,412900,SNBR
3749,2014-11-26,26.59000015258789,26.59000015258789,26.270000457763672,26.31999969482422,412000,SNBR
3750,2014-11-28,26.450000762939453,26.899999618530273,26.280000686645508,26.34000015258789,287000,SNBR
3751,2014-12-01,26.239999771118164,26.299999237060547,25.690000534057617,25.760000228881836,548500,SNBR
3752,2014-12-02,25.8700008392334,26.420000076293945,25.6200008392334,25.68000030517578,584600,SNBR
3753,2014-12-03,25.739999771118164,26.299999237060547,25.610000610351562,26.049999237060547,338900,SNBR
3754,2014-12-04,26.049999237060547,26.200000762939453,25.809999465942383,26.040000915527344,494700,SNBR
3755,2014-12-05,26.049999237060547,26.290000915527344,25.719999313354492,25.860000610351562,660600,SNBR
3756,2014-12-08,25.93000030517578,26.149999618530273,25.739999771118164,25.84000015258789,1422400,SNBR
3757,2014-12-09,25.600000381469727,26.100000381469727,25.350000381469727,26.010000228881836,726100,SNBR
3758,2014-12-10,25.979999542236328,26.15999984741211,25.5,25.5,548500,SNBR
3759,2014-12-11,25.649999618530273,26.31999969482422,25.540000915527344,25.709999084472656,657900,SNBR
3760,2014-12-12,25.360000610351562,26.1299991607666,25.360000610351562,25.959999084472656,642700,SNBR
3761,2014-12-15,26.780000686645508,27.030000686645508,26.549999237060547,26.770000457763672,2741500,SNBR
3762,2014-12-16,26.200000762939453,26.969999313354492,24.469999313354492,26.709999084472656,1112600,SNBR
3763,2014-12-17,26.81999969482422,27.290000915527344,26.639999389648438,27.270000457763672,1338800,SNBR
3764,2014-12-18,27.600000381469727,27.600000381469727,27.280000686645508,27.350000381469727,876700,SNBR
3765,2014-12-19,27.399999618530273,27.489999771118164,26.6200008392334,26.84000015258789,1690700,SNBR
3766,2014-12-22,26.799999237060547,27.399999618530273,26.760000228881836,27.329999923706055,557000,SNBR
3767,2014-12-23,27.350000381469727,27.510000228881836,27.170000076293945,27.270000457763672,547900,SNBR
3768,2014-12-24,27.3700008392334,27.399999618530273,27.18000030517578,27.190000534057617,417200,SNBR
3769,2014-12-26,27.18000030517578,27.43000030517578,27.020000457763672,27.06999969482422,266900,SNBR
3770,2014-12-29,27.09000015258789,27.469999313354492,27.059999465942383,27.270000457763672,520400,SNBR
3771,2014-12-30,27.260000228881836,27.420000076293945,27.18000030517578,27.229999542236328,341900,SNBR
3772,2014-12-31,27.34000015258789,27.450000762939453,27.020000457763672,27.030000686645508,416400,SNBR
3773,2015-01-02,27.190000534057617,27.329999923706055,26.549999237060547,26.8700008392334,367200,SNBR
3774,2015-01-05,26.770000457763672,26.989999771118164,26.209999084472656,26.489999771118164,471600,SNBR
3775,2015-01-06,26.5,26.65999984741211,26.110000610351562,26.43000030517578,758100,SNBR
3776,2015-01-07,26.549999237060547,27.040000915527344,26.469999313354492,26.889999389648438,1359500,SNBR
3777,2015-01-08,27.290000915527344,28.770000457763672,27.0,28.149999618530273,1907800,SNBR
3778,2015-01-09,27.989999771118164,28.219999313354492,27.559999465942383,27.959999084472656,1198000,SNBR
3779,2015-01-12,28.09000015258789,28.829999923706055,28.010000228881836,28.56999969482422,793500,SNBR
3780,2015-01-13,28.8799991607666,29.0,27.670000076293945,28.139999389648438,1018400,SNBR
3781,2015-01-14,27.850000381469727,28.690000534057617,27.610000610351562,28.1299991607666,426600,SNBR
3782,2015-01-15,28.25,28.469999313354492,26.790000915527344,27.260000228881836,730800,SNBR
3783,2015-01-16,27.200000762939453,27.780000686645508,26.780000686645508,27.760000228881836,651300,SNBR
3784,2015-01-20,27.959999084472656,28.520000457763672,27.780000686645508,28.260000228881836,748600,SNBR
3785,2015-01-21,28.299999237060547,28.989999771118164,28.280000686645508,28.81999969482422,763200,SNBR
3786,2015-01-22,29.0,29.18000030517578,28.5,28.899999618530273,835200,SNBR
3787,2015-01-23,28.899999618530273,29.65999984741211,28.75,29.43000030517578,896400,SNBR
3788,2015-01-26,29.510000228881836,29.75,29.059999465942383,29.40999984741211,569900,SNBR
3789,2015-01-27,29.989999771118164,30.969999313354492,29.56999969482422,30.239999771118164,1276800,SNBR
3790,2015-01-28,30.299999237060547,30.75,29.8700008392334,30.18000030517578,714700,SNBR
3791,2015-01-29,30.219999313354492,30.950000762939453,30.040000915527344,30.540000915527344,584800,SNBR
3792,2015-01-30,30.350000381469727,30.68000030517578,29.65999984741211,29.84000015258789,834400,SNBR
3793,2015-02-02,30.1299991607666,31.0,29.760000228881836,30.989999771118164,1276200,SNBR
3794,2015-02-03,31.0,31.260000228881836,30.809999465942383,31.079999923706055,916600,SNBR
3795,2015-02-04,30.940000534057617,32.650001525878906,30.799999237060547,31.940000534057617,1732800,SNBR
3796,2015-02-05,31.959999084472656,32.349998474121094,31.15999984741211,31.549999237060547,766700,SNBR
3797,2015-02-06,31.270000457763672,31.65999984741211,31.0,31.520000457763672,601800,SNBR
3798,2015-02-09,31.530000686645508,31.530000686645508,30.530000686645508,30.760000228881836,1257500,SNBR
3799,2015-02-10,30.940000534057617,31.43000030517578,30.639999389648438,31.09000015258789,1147100,SNBR
3800,2015-02-11,30.989999771118164,32.11000061035156,30.5,31.959999084472656,2768700,SNBR
3801,2015-02-12,32.290000915527344,32.95000076293945,30.780000686645508,31.709999084472656,3714200,SNBR
3802,2015-02-13,31.8799991607666,32.68000030517578,31.75,32.13999938964844,1345900,SNBR
3803,2015-02-17,32.13999938964844,32.470001220703125,31.780000686645508,32.20000076293945,570500,SNBR
3804,2015-02-18,32.08000183105469,32.20000076293945,31.84000015258789,31.940000534057617,600600,SNBR
3805,2015-02-19,32.0,32.099998474121094,31.25,31.540000915527344,763600,SNBR
3806,2015-02-20,31.649999618530273,31.989999771118164,31.219999313354492,31.31999969482422,680100,SNBR
3807,2015-02-23,31.3700008392334,31.670000076293945,30.940000534057617,31.510000228881836,1002300,SNBR
3808,2015-02-24,31.639999389648438,32.189998626708984,31.149999618530273,31.229999542236328,613400,SNBR
3809,2015-02-25,31.09000015258789,31.6299991607666,30.770000457763672,30.829999923706055,642700,SNBR
3810,2015-02-26,30.8700008392334,31.520000457763672,30.579999923706055,31.469999313354492,518600,SNBR
3811,2015-02-27,31.510000228881836,32.7400016784668,31.5,32.099998474121094,1085800,SNBR
3812,2015-03-02,32.209999084472656,32.63999938964844,31.799999237060547,32.2599983215332,626300,SNBR
3813,2015-03-03,32.290000915527344,32.29999923706055,31.43000030517578,32.0,542200,SNBR
3814,2015-03-04,31.920000076293945,32.22999954223633,31.360000610351562,32.099998474121094,484000,SNBR
3815,2015-03-05,32.25,32.5,31.940000534057617,32.209999084472656,321600,SNBR
3816,2015-03-06,32.0099983215332,32.279998779296875,31.760000228881836,31.81999969482422,397700,SNBR
3817,2015-03-09,31.8799991607666,32.5,31.6200008392334,32.36000061035156,494500,SNBR
3818,2015-03-10,32.130001068115234,32.34000015258789,31.940000534057617,32.209999084472656,405200,SNBR
3819,2015-03-11,32.22999954223633,32.84000015258789,32.060001373291016,32.59000015258789,512000,SNBR
3820,2015-03-12,32.779998779296875,33.47999954223633,32.630001068115234,33.20000076293945,576100,SNBR
3821,2015-03-13,33.290000915527344,33.459999084472656,32.83000183105469,33.06999969482422,564200,SNBR
3822,2015-03-16,33.150001525878906,33.619998931884766,33.029998779296875,33.31999969482422,534200,SNBR
3823,2015-03-17,33.279998779296875,33.529998779296875,33.099998474121094,33.31999969482422,519200,SNBR
3824,2015-03-18,33.11000061035156,33.630001068115234,32.5,33.619998931884766,692800,SNBR
3825,2015-03-19,33.70000076293945,33.95000076293945,33.5099983215332,33.900001525878906,454300,SNBR
3826,2015-03-20,34.150001525878906,34.9900016784668,34.040000915527344,34.619998931884766,1460600,SNBR
3827,2015-03-23,34.47999954223633,34.52000045776367,33.81999969482422,33.90999984741211,499200,SNBR
3828,2015-03-24,33.97999954223633,34.41999816894531,33.86000061035156,34.040000915527344,382400,SNBR
3829,2015-03-25,33.9900016784668,34.20000076293945,33.16999816894531,33.25,364000,SNBR
3830,2015-03-26,33.18000030517578,33.18000030517578,32.279998779296875,32.529998779296875,586800,SNBR
3831,2015-03-27,32.54999923706055,33.2599983215332,32.380001068115234,33.150001525878906,572700,SNBR
3832,2015-03-30,33.43000030517578,34.09000015258789,33.290000915527344,33.970001220703125,620000,SNBR
3833,2015-03-31,33.959999084472656,34.970001220703125,33.86000061035156,34.470001220703125,787500,SNBR
3834,2015-04-01,34.43000030517578,34.43000030517578,33.66999816894531,33.81999969482422,1029700,SNBR
3835,2015-04-02,33.7599983215332,34.439998626708984,33.66999816894531,33.91999816894531,368400,SNBR
3836,2015-04-06,33.849998474121094,33.93000030517578,33.25,33.36000061035156,364300,SNBR
3837,2015-04-07,33.36000061035156,34.439998626708984,33.36000061035156,33.70000076293945,560600,SNBR
3838,2015-04-08,33.689998626708984,34.41999816894531,33.5,34.349998474121094,422200,SNBR
3839,2015-04-09,34.25,34.619998931884766,33.720001220703125,33.790000915527344,451700,SNBR
3840,2015-04-10,33.869998931884766,34.0,33.560001373291016,33.709999084472656,317500,SNBR
3841,2015-04-13,33.869998931884766,34.099998474121094,33.5099983215332,33.93000030517578,380600,SNBR
3842,2015-04-14,34.09000015258789,34.09000015258789,33.349998474121094,33.75,488700,SNBR
3843,2015-04-15,33.88999938964844,34.22999954223633,33.79999923706055,34.02000045776367,311200,SNBR
3844,2015-04-16,34.06999969482422,34.06999969482422,33.290000915527344,33.369998931884766,479900,SNBR
3845,2015-04-17,33.290000915527344,33.43000030517578,32.5099983215332,32.65999984741211,554500,SNBR
3846,2015-04-20,32.95000076293945,33.790000915527344,32.95000076293945,33.59000015258789,452500,SNBR
3847,2015-04-21,33.63999938964844,34.40999984741211,33.63999938964844,33.81999969482422,592900,SNBR
3848,2015-04-22,34.470001220703125,34.470001220703125,33.79999923706055,34.119998931884766,916900,SNBR
3849,2015-04-23,35.75,35.75,33.369998931884766,33.63999938964844,2210700,SNBR
3850,2015-04-24,33.689998626708984,34.560001373291016,33.43000030517578,34.5,841500,SNBR
3851,2015-04-27,34.5099983215332,34.68000030517578,32.77000045776367,32.9900016784668,893100,SNBR
3852,2015-04-28,32.88999938964844,33.15999984741211,32.470001220703125,32.9900016784668,877300,SNBR
3853,2015-04-29,32.9900016784668,32.9900016784668,31.610000610351562,31.639999389648438,994200,SNBR
3854,2015-04-30,31.399999618530273,31.5,30.690000534057617,30.81999969482422,1611300,SNBR
3855,2015-05-01,30.860000610351562,32.349998474121094,30.850000381469727,32.29999923706055,1532700,SNBR
3856,2015-05-04,32.209999084472656,32.36000061035156,31.600000381469727,31.889999389648438,838500,SNBR
3857,2015-05-05,31.770000457763672,32.04999923706055,31.469999313354492,31.530000686645508,748100,SNBR
3858,2015-05-06,31.549999237060547,31.639999389648438,30.799999237060547,31.010000228881836,749800,SNBR
3859,2015-05-07,31.010000228881836,31.709999084472656,30.940000534057617,31.440000534057617,604400,SNBR
3860,2015-05-08,31.770000457763672,32.099998474121094,31.670000076293945,31.709999084472656,637700,SNBR
3861,2015-05-11,31.68000030517578,32.18000030517578,31.530000686645508,31.729999542236328,401000,SNBR
3862,2015-05-12,31.34000015258789,31.469999313354492,30.90999984741211,31.190000534057617,469200,SNBR
3863,2015-05-13,31.229999542236328,31.25,30.510000228881836,30.639999389648438,415900,SNBR
3864,2015-05-14,30.790000915527344,30.790000915527344,30.149999618530273,30.290000915527344,585900,SNBR
3865,2015-05-15,30.34000015258789,30.65999984741211,30.190000534057617,30.600000381469727,490800,SNBR
3866,2015-05-18,30.600000381469727,30.979999542236328,30.299999237060547,30.969999313354492,613000,SNBR
3867,2015-05-19,30.93000030517578,31.75,30.93000030517578,31.440000534057617,711400,SNBR
3868,2015-05-20,31.420000076293945,31.489999771118164,30.829999923706055,31.399999618530273,506700,SNBR
3869,2015-05-21,31.40999984741211,31.40999984741211,30.84000015258789,30.90999984741211,297400,SNBR
3870,2015-05-22,30.889999389648438,30.959999084472656,30.40999984741211,30.5,375100,SNBR
3871,2015-05-26,30.360000610351562,30.5,29.969999313354492,30.15999984741211,480800,SNBR
3872,2015-05-27,30.479999542236328,30.68000030517578,30.200000762939453,30.489999771118164,496000,SNBR
3873,2015-05-28,30.440000534057617,30.719999313354492,30.260000228881836,30.649999618530273,470200,SNBR
3874,2015-05-29,30.729999542236328,31.59000015258789,30.729999542236328,31.149999618530273,609400,SNBR
3875,2015-06-01,31.559999465942383,31.709999084472656,30.18000030517578,30.280000686645508,980700,SNBR
3876,2015-06-02,30.139999389648438,30.610000610351562,29.940000534057617,30.459999084472656,696200,SNBR
3877,2015-06-03,30.549999237060547,31.450000762939453,30.389999389648438,31.229999542236328,807800,SNBR
3878,2015-06-04,31.229999542236328,31.40999984741211,30.860000610351562,31.100000381469727,418500,SNBR
3879,2015-06-05,31.139999389648438,31.540000915527344,30.899999618530273,31.389999389648438,434800,SNBR
3880,2015-06-08,31.43000030517578,31.479999542236328,31.170000076293945,31.229999542236328,317500,SNBR
3881,2015-06-09,31.280000686645508,31.299999237060547,30.68000030517578,30.940000534057617,436300,SNBR
3882,2015-06-10,31.010000228881836,31.260000228881836,30.90999984741211,31.09000015258789,495700,SNBR
3883,2015-06-11,31.110000610351562,31.75,31.010000228881836,31.190000534057617,449200,SNBR
3884,2015-06-12,31.139999389648438,31.489999771118164,30.8799991607666,30.969999313354492,417400,SNBR
3885,2015-06-15,29.56999969482422,30.0,28.8700008392334,29.110000610351562,1184700,SNBR
3886,2015-06-16,28.81999969482422,29.84000015258789,28.709999084472656,29.399999618530273,658900,SNBR
3887,2015-06-17,29.40999984741211,29.549999237060547,28.959999084472656,29.170000076293945,480100,SNBR
3888,2015-06-18,29.170000076293945,29.90999984741211,29.06999969482422,29.329999923706055,480700,SNBR
3889,2015-06-19,29.450000762939453,30.350000381469727,29.399999618530273,30.200000762939453,1011500,SNBR
3890,2015-06-22,30.43000030517578,30.5,30.100000381469727,30.489999771118164,407400,SNBR
3891,2015-06-23,30.360000610351562,30.600000381469727,30.09000015258789,30.450000762939453,453700,SNBR
3892,2015-06-24,30.459999084472656,30.8700008392334,30.15999984741211,30.209999084472656,450800,SNBR
3893,2015-06-25,30.25,30.5,30.059999465942383,30.170000076293945,307600,SNBR
3894,2015-06-26,30.31999969482422,30.760000228881836,30.31999969482422,30.670000076293945,904700,SNBR
3895,2015-06-29,30.399999618530273,30.950000762939453,30.030000686645508,30.06999969482422,516900,SNBR
3896,2015-06-30,30.25,30.3700008392334,30.020000457763672,30.06999969482422,392400,SNBR
3897,2015-07-01,30.309999465942383,30.709999084472656,30.309999465942383,30.489999771118164,468500,SNBR
3898,2015-07-02,30.540000915527344,30.700000762939453,29.790000915527344,30.040000915527344,384600,SNBR
3899,2015-07-06,29.8799991607666,30.68000030517578,29.760000228881836,30.06999969482422,500700,SNBR
3900,2015-07-07,30.15999984741211,30.239999771118164,29.25,29.920000076293945,582800,SNBR
3901,2015-07-08,29.729999542236328,30.260000228881836,29.510000228881836,29.68000030517578,436700,SNBR
3902,2015-07-09,29.959999084472656,30.350000381469727,29.799999237060547,30.209999084472656,380700,SNBR
3903,2015-07-10,30.540000915527344,30.6299991607666,30.219999313354492,30.510000228881836,328700,SNBR
3904,2015-07-13,30.75,30.8700008392334,30.610000610351562,30.790000915527344,240100,SNBR
3905,2015-07-14,30.329999923706055,30.690000534057617,29.559999465942383,30.170000076293945,360500,SNBR
3906,2015-07-15,30.239999771118164,30.59000015258789,30.030000686645508,30.290000915527344,478400,SNBR
3907,2015-07-16,30.43000030517578,30.59000015258789,30.170000076293945,30.350000381469727,330400,SNBR
3908,2015-07-17,30.290000915527344,30.540000915527344,28.780000686645508,28.979999542236328,1041700,SNBR
3909,2015-07-20,28.959999084472656,29.239999771118164,28.149999618530273,28.399999618530273,1042300,SNBR
3910,2015-07-21,28.399999618530273,29.149999618530273,28.15999984741211,28.329999923706055,667300,SNBR
3911,2015-07-22,28.309999465942383,28.75,28.280000686645508,28.59000015258789,1195300,SNBR
3912,2015-07-23,27.850000381469727,27.989999771118164,25.170000076293945,25.559999465942383,3921500,SNBR
3913,2015-07-24,25.5,26.190000534057617,25.399999618530273,26.15999984741211,1203100,SNBR
3914,2015-07-27,25.950000762939453,25.950000762939453,24.68000030517578,24.729999542236328,1168800,SNBR
3915,2015-07-28,24.90999984741211,25.8700008392334,24.860000610351562,25.719999313354492,1078100,SNBR
3916,2015-07-29,25.579999923706055,25.729999542236328,25.170000076293945,25.459999084472656,726600,SNBR
3917,2015-07-30,25.489999771118164,25.850000381469727,25.15999984741211,25.709999084472656,677100,SNBR
3918,2015-07-31,25.8700008392334,26.1200008392334,25.520000457763672,26.040000915527344,507300,SNBR
3919,2015-08-03,25.940000534057617,26.170000076293945,25.420000076293945,25.6299991607666,748600,SNBR
3920,2015-08-04,25.579999923706055,26.0,25.520000457763672,25.790000915527344,499900,SNBR
3921,2015-08-05,26.010000228881836,26.209999084472656,25.860000610351562,26.040000915527344,436000,SNBR
3922,2015-08-06,26.15999984741211,26.15999984741211,25.510000228881836,25.829999923706055,797500,SNBR
3923,2015-08-07,25.809999465942383,26.030000686645508,25.510000228881836,26.030000686645508,592800,SNBR
3924,2015-08-10,26.239999771118164,26.719999313354492,26.200000762939453,26.299999237060547,636200,SNBR
3925,2015-08-11,26.139999389648438,26.399999618530273,25.739999771118164,25.979999542236328,320500,SNBR
3926,2015-08-12,25.760000228881836,26.020000457763672,25.309999465942383,25.850000381469727,407500,SNBR
3927,2015-08-13,25.889999389648438,26.040000915527344,25.43000030517578,25.600000381469727,579100,SNBR
3928,2015-08-14,25.420000076293945,25.790000915527344,25.34000015258789,25.780000686645508,285800,SNBR
3929,2015-08-17,25.700000762939453,25.8700008392334,25.34000015258789,25.809999465942383,384800,SNBR
3930,2015-08-18,25.8700008392334,26.209999084472656,25.709999084472656,25.8799991607666,420000,SNBR
3931,2015-08-19,25.8700008392334,25.889999389648438,25.389999389648438,25.6299991607666,353100,SNBR
3932,2015-08-20,25.489999771118164,25.6200008392334,25.18000030517578,25.219999313354492,465700,SNBR
3933,2015-08-21,24.790000915527344,24.959999084472656,24.139999389648438,24.209999084472656,706100,SNBR
3934,2015-08-24,23.649999618530273,24.110000610351562,22.959999084472656,23.1200008392334,1095600,SNBR
3935,2015-08-25,23.940000534057617,23.989999771118164,23.0,23.209999084472656,908700,SNBR
3936,2015-08-26,23.75,23.860000610351562,23.040000915527344,23.719999313354492,651700,SNBR
3937,2015-08-27,23.959999084472656,24.56999969482422,23.510000228881836,24.40999984741211,624300,SNBR
3938,2015-08-28,24.239999771118164,24.75,24.190000534057617,24.450000762939453,558300,SNBR
3939,2015-08-31,24.25,24.600000381469727,24.079999923706055,24.350000381469727,483100,SNBR
3940,2015-09-01,23.809999465942383,24.049999237060547,23.290000915527344,23.399999618530273,367400,SNBR
3941,2015-09-02,23.56999969482422,23.81999969482422,23.420000076293945,23.790000915527344,380700,SNBR
3942,2015-09-03,23.920000076293945,24.190000534057617,23.540000915527344,23.6200008392334,482000,SNBR
3943,2015-09-04,23.219999313354492,23.68000030517578,23.15999984741211,23.290000915527344,243100,SNBR
3944,2015-09-08,23.68000030517578,24.3799991607666,23.309999465942383,24.25,403300,SNBR
3945,2015-09-09,24.469999313354492,24.469999313354492,23.760000228881836,23.81999969482422,380500,SNBR
3946,2015-09-10,23.700000762939453,24.09000015258789,23.610000610351562,23.729999542236328,348300,SNBR
3947,2015-09-11,23.0,23.520000457763672,22.90999984741211,23.209999084472656,667500,SNBR
3948,2015-09-14,23.209999084472656,23.209999084472656,22.350000381469727,22.559999465942383,794000,SNBR
3949,2015-09-15,22.690000534057617,23.149999618530273,22.579999923706055,22.860000610351562,624900,SNBR
3950,2015-09-16,22.90999984741211,22.93000030517578,22.549999237060547,22.559999465942383,620900,SNBR
3951,2015-09-17,22.670000076293945,23.389999389648438,22.649999618530273,23.049999237060547,798200,SNBR
3952,2015-09-18,22.649999618530273,23.219999313354492,22.489999771118164,22.719999313354492,5374400,SNBR
3953,2015-09-21,22.93000030517578,23.43000030517578,22.59000015258789,22.68000030517578,647200,SNBR
3954,2015-09-22,22.329999923706055,22.600000381469727,22.100000381469727,22.299999237060547,398500,SNBR
3955,2015-09-23,22.399999618530273,23.010000228881836,22.239999771118164,22.34000015258789,465500,SNBR
3956,2015-09-24,22.190000534057617,22.399999618530273,21.93000030517578,22.059999465942383,459500,SNBR
3957,2015-09-25,22.200000762939453,22.350000381469727,21.719999313354492,21.8700008392334,482000,SNBR
3958,2015-09-28,21.739999771118164,21.81999969482422,21.280000686645508,21.34000015258789,578800,SNBR
3959,2015-09-29,21.420000076293945,21.59000015258789,21.079999923706055,21.510000228881836,1024500,SNBR
3960,2015-09-30,21.829999923706055,21.950000762939453,21.479999542236328,21.8799991607666,518200,SNBR
3961,2015-10-01,21.770000457763672,22.3799991607666,21.75,22.299999237060547,851700,SNBR
3962,2015-10-02,22.139999389648438,22.229999542236328,21.670000076293945,22.18000030517578,790800,SNBR
3963,2015-10-05,22.43000030517578,23.329999923706055,22.299999237060547,23.280000686645508,513700,SNBR
3964,2015-10-06,23.1299991607666,23.969999313354492,23.1299991607666,23.899999618530273,1501800,SNBR
3965,2015-10-07,23.979999542236328,24.299999237060547,23.8700008392334,24.040000915527344,1208900,SNBR
3966,2015-10-08,23.979999542236328,24.6299991607666,23.940000534057617,24.600000381469727,946900,SNBR
3967,2015-10-09,24.610000610351562,24.899999618530273,24.31999969482422,24.6200008392334,709700,SNBR
3968,2015-10-12,24.719999313354492,24.719999313354492,24.200000762939453,24.479999542236328,585700,SNBR
3969,2015-10-13,24.399999618530273,24.559999465942383,24.139999389648438,24.260000228881836,1646700,SNBR
3970,2015-10-14,24.18000030517578,24.459999084472656,23.81999969482422,23.950000762939453,838500,SNBR
3971,2015-10-15,24.010000228881836,24.690000534057617,23.809999465942383,24.610000610351562,1311400,SNBR
3972,2015-10-16,24.649999618530273,24.739999771118164,22.979999542236328,23.030000686645508,1312100,SNBR
3973,2015-10-19,22.989999771118164,23.350000381469727,22.56999969482422,22.68000030517578,969200,SNBR
3974,2015-10-20,22.68000030517578,22.989999771118164,22.520000457763672,22.809999465942383,715400,SNBR
3975,2015-10-21,22.450000762939453,22.450000762939453,21.110000610351562,21.270000457763672,1820200,SNBR
3976,2015-10-22,21.469999313354492,21.809999465942383,21.280000686645508,21.530000686645508,711800,SNBR
3977,2015-10-23,21.889999389648438,21.889999389648438,21.040000915527344,21.360000610351562,629000,SNBR
3978,2015-10-26,21.299999237060547,21.610000610351562,21.0,21.09000015258789,757800,SNBR
3979,2015-10-27,21.030000686645508,21.139999389648438,20.469999313354492,20.6299991607666,941600,SNBR
3980,2015-10-28,20.729999542236328,21.510000228881836,20.6200008392334,21.290000915527344,991900,SNBR
3981,2015-10-29,21.350000381469727,21.469999313354492,21.170000076293945,21.360000610351562,740300,SNBR
3982,2015-10-30,21.360000610351562,21.8799991607666,20.899999618530273,21.200000762939453,722100,SNBR
3983,2015-11-02,21.25,21.739999771118164,20.969999313354492,21.6299991607666,723300,SNBR
3984,2015-11-03,21.510000228881836,22.360000610351562,21.510000228881836,22.020000457763672,1181400,SNBR
3985,2015-11-04,21.889999389648438,22.170000076293945,21.270000457763672,21.440000534057617,1426800,SNBR
3986,2015-11-05,24.6299991607666,26.200000762939453,23.59000015258789,25.5,4185100,SNBR
3987,2015-11-06,25.40999984741211,25.75,24.600000381469727,24.670000076293945,2167200,SNBR
3988,2015-11-09,24.670000076293945,25.5,23.670000076293945,24.100000381469727,904400,SNBR
3989,2015-11-10,23.920000076293945,24.229999542236328,23.610000610351562,23.93000030517578,888700,SNBR
3990,2015-11-11,24.040000915527344,24.780000686645508,23.510000228881836,23.8799991607666,684600,SNBR
3991,2015-11-12,23.790000915527344,24.139999389648438,23.59000015258789,23.770000457763672,800600,SNBR
3992,2015-11-13,23.559999465942383,23.59000015258789,22.899999618530273,22.969999313354492,825500,SNBR
3993,2015-11-16,22.920000076293945,23.260000228881836,22.549999237060547,23.0,506000,SNBR
3994,2015-11-17,23.100000381469727,23.520000457763672,22.8700008392334,23.110000610351562,600500,SNBR
3995,2015-11-18,23.020000457763672,24.3799991607666,22.920000076293945,23.190000534057617,623100,SNBR
3996,2015-11-19,22.93000030517578,23.190000534057617,22.649999618530273,22.729999542236328,592900,SNBR
3997,2015-11-20,22.940000534057617,23.649999618530273,22.81999969482422,23.489999771118164,666000,SNBR
3998,2015-11-23,23.56999969482422,24.15999984741211,23.43000030517578,24.059999465942383,617500,SNBR
3999,2015-11-24,23.729999542236328,24.260000228881836,23.65999984741211,24.149999618530273,570800,SNBR
4000,2015-11-25,24.040000915527344,24.700000762939453,24.040000915527344,24.56999969482422,418700,SNBR
4001,2015-11-27,24.56999969482422,25.0,24.350000381469727,24.440000534057617,256900,SNBR
4002,2015-11-30,24.389999389648438,24.65999984741211,23.59000015258789,23.6200008392334,479500,SNBR
4003,2015-12-01,23.219999313354492,24.139999389648438,23.219999313354492,23.8700008392334,811100,SNBR
4004,2015-12-02,23.889999389648438,24.229999542236328,23.889999389648438,24.110000610351562,345400,SNBR
4005,2015-12-03,24.110000610351562,24.450000762939453,23.170000076293945,23.299999237060547,313000,SNBR
4006,2015-12-04,23.229999542236328,23.850000381469727,23.139999389648438,23.68000030517578,432900,SNBR
4007,2015-12-07,23.549999237060547,24.600000381469727,23.030000686645508,23.270000457763672,570200,SNBR
4008,2015-12-08,23.06999969482422,23.81999969482422,22.700000762939453,23.690000534057617,448900,SNBR
4009,2015-12-09,23.459999084472656,24.1200008392334,23.15999984741211,23.34000015258789,548800,SNBR
4010,2015-12-10,23.360000610351562,23.690000534057617,23.1299991607666,23.329999923706055,391300,SNBR
4011,2015-12-11,22.829999923706055,23.200000762939453,22.540000915527344,22.729999542236328,347500,SNBR
4012,2015-12-14,22.700000762939453,22.889999389648438,21.959999084472656,22.100000381469727,379100,SNBR
4013,2015-12-15,22.09000015258789,22.399999618530273,21.790000915527344,22.170000076293945,622300,SNBR
4014,2015-12-16,22.229999542236328,23.110000610351562,22.200000762939453,23.06999969482422,432600,SNBR
4015,2015-12-17,23.229999542236328,23.229999542236328,22.6299991607666,22.639999389648438,539400,SNBR
4016,2015-12-18,22.440000534057617,22.760000228881836,21.739999771118164,21.75,1595500,SNBR
4017,2015-12-21,21.729999542236328,21.799999237060547,21.059999465942383,21.270000457763672,541400,SNBR
4018,2015-12-22,20.889999389648438,21.549999237060547,19.899999618530273,21.170000076293945,1905900,SNBR
4019,2015-12-23,21.399999618530273,21.6299991607666,21.25,21.520000457763672,658000,SNBR
4020,2015-12-24,21.469999313354492,21.5,21.219999313354492,21.219999313354492,179000,SNBR
4021,2015-12-28,21.079999923706055,21.309999465942383,20.829999923706055,21.010000228881836,446700,SNBR
4022,2015-12-29,21.040000915527344,21.809999465942383,21.040000915527344,21.760000228881836,489600,SNBR
4023,2015-12-30,21.760000228881836,21.81999969482422,21.399999618530273,21.670000076293945,458100,SNBR
4024,2015-12-31,21.639999389648438,21.93000030517578,21.399999618530273,21.40999984741211,378000,SNBR
4025,2016-01-04,21.25,21.799999237060547,20.719999313354492,21.030000686645508,637500,SNBR
4026,2016-01-05,21.100000381469727,21.360000610351562,20.780000686645508,21.239999771118164,601900,SNBR
4027,2016-01-06,20.920000076293945,21.15999984741211,20.649999618530273,20.899999618530273,674900,SNBR
4028,2016-01-07,20.489999771118164,21.3700008392334,20.489999771118164,21.1200008392334,811100,SNBR
4029,2016-01-08,20.510000228881836,21.229999542236328,20.0,20.049999237060547,820800,SNBR
4030,2016-01-11,20.219999313354492,20.520000457763672,19.81999969482422,20.3799991607666,716300,SNBR
4031,2016-01-12,20.690000534057617,21.170000076293945,20.299999237060547,20.760000228881836,647600,SNBR
4032,2016-01-13,20.829999923706055,21.09000015258789,19.719999313354492,19.850000381469727,485100,SNBR
4033,2016-01-14,19.81999969482422,20.3700008392334,19.56999969482422,19.920000076293945,679400,SNBR
4034,2016-01-15,19.329999923706055,20.200000762939453,19.329999923706055,19.860000610351562,1109100,SNBR
4035,2016-01-19,19.93000030517578,20.75,18.149999618530273,18.56999969482422,1626800,SNBR
4036,2016-01-20,18.360000610351562,18.979999542236328,17.559999465942383,18.719999313354492,1055300,SNBR
4037,2016-01-21,18.739999771118164,19.489999771118164,18.639999389648438,19.110000610351562,718700,SNBR
4038,2016-01-22,19.3700008392334,19.84000015258789,19.239999771118164,19.469999313354492,751700,SNBR
4039,2016-01-25,19.43000030517578,19.709999084472656,18.940000534057617,18.959999084472656,574000,SNBR
4040,2016-01-26,19.1299991607666,19.5,19.1200008392334,19.450000762939453,708700,SNBR
4041,2016-01-27,19.309999465942383,19.649999618530273,18.860000610351562,18.959999084472656,680500,SNBR
4042,2016-01-28,19.309999465942383,19.459999084472656,18.790000915527344,18.809999465942383,631200,SNBR
4043,2016-01-29,19.780000686645508,21.06999969482422,19.450000762939453,21.059999465942383,1489100,SNBR
4044,2016-02-01,20.75,21.43000030517578,20.31999969482422,21.200000762939453,845600,SNBR
4045,2016-02-02,21.149999618530273,21.489999771118164,20.649999618530273,21.209999084472656,836100,SNBR
4046,2016-02-03,21.299999237060547,21.6200008392334,20.290000915527344,20.8799991607666,888300,SNBR
4047,2016-02-04,20.6200008392334,21.100000381469727,20.520000457763672,21.049999237060547,808100,SNBR
4048,2016-02-05,21.0,21.0,20.200000762939453,20.520000457763672,996900,SNBR
4049,2016-02-08,20.3799991607666,20.6299991607666,19.979999542236328,20.610000610351562,757800,SNBR
4050,2016-02-09,20.299999237060547,20.93000030517578,20.0,20.360000610351562,757300,SNBR
4051,2016-02-10,20.469999313354492,20.93000030517578,20.290000915527344,20.31999969482422,454300,SNBR
4052,2016-02-11,20.149999618530273,20.739999771118164,19.81999969482422,20.510000228881836,1262900,SNBR
4053,2016-02-12,16.81999969482422,16.889999389648438,14.279999732971191,15.579999923706055,9648600,SNBR
4054,2016-02-16,15.760000228881836,16.170000076293945,15.300000190734863,15.829999923706055,2352500,SNBR
4055,2016-02-17,15.829999923706055,16.280000686645508,15.479999542236328,15.920000076293945,2184500,SNBR
4056,2016-02-18,15.869999885559082,16.190000534057617,15.470000267028809,16.09000015258789,1676100,SNBR
4057,2016-02-19,16.110000610351562,16.780000686645508,16.110000610351562,16.56999969482422,1108100,SNBR
4058,2016-02-22,16.8700008392334,17.06999969482422,16.68000030517578,16.979999542236328,849700,SNBR
4059,2016-02-23,16.940000534057617,17.360000610351562,16.940000534057617,17.170000076293945,878900,SNBR
4060,2016-02-24,17.049999237060547,17.399999618530273,16.84000015258789,17.34000015258789,1342200,SNBR
4061,2016-02-25,17.329999923706055,17.459999084472656,16.979999542236328,17.329999923706055,890400,SNBR
4062,2016-02-26,17.34000015258789,17.559999465942383,16.940000534057617,17.510000228881836,580300,SNBR
4063,2016-02-29,17.420000076293945,18.15999984741211,17.209999084472656,17.899999618530273,1145600,SNBR
4064,2016-03-01,18.110000610351562,18.34000015258789,17.690000534057617,18.0,1032400,SNBR
4065,2016-03-02,17.950000762939453,18.489999771118164,17.90999984741211,18.360000610351562,1269900,SNBR
4066,2016-03-03,18.329999923706055,19.520000457763672,18.290000915527344,19.520000457763672,1255500,SNBR
4067,2016-03-04,19.520000457763672,19.799999237060547,19.06999969482422,19.6200008392334,826600,SNBR
4068,2016-03-07,19.479999542236328,20.290000915527344,19.459999084472656,20.110000610351562,659800,SNBR
4069,2016-03-08,20.09000015258789,20.209999084472656,19.1200008392334,19.299999237060547,1232200,SNBR
4070,2016-03-09,19.399999618530273,19.549999237060547,18.649999618530273,18.75,1432900,SNBR
4071,2016-03-10,18.75,18.93000030517578,17.639999389648438,18.139999389648438,1067000,SNBR
4072,2016-03-11,18.31999969482422,18.579999923706055,18.239999771118164,18.559999465942383,794700,SNBR
4073,2016-03-14,18.520000457763672,19.479999542236328,18.299999237060547,19.420000076293945,1217300,SNBR
4074,2016-03-15,19.399999618530273,19.549999237060547,18.360000610351562,18.639999389648438,820600,SNBR
4075,2016-03-16,18.469999313354492,18.84000015258789,18.239999771118164,18.809999465942383,861700,SNBR
4076,2016-03-17,18.690000534057617,18.760000228881836,18.040000915527344,18.309999465942383,1010500,SNBR
4077,2016-03-18,18.43000030517578,19.31999969482422,18.030000686645508,19.190000534057617,1615000,SNBR
4078,2016-03-21,19.190000534057617,19.6299991607666,18.760000228881836,18.760000228881836,865300,SNBR
4079,2016-03-22,18.56999969482422,19.049999237060547,18.440000534057617,18.809999465942383,643300,SNBR
4080,2016-03-23,18.709999084472656,18.760000228881836,17.790000915527344,17.81999969482422,535900,SNBR
4081,2016-03-24,17.809999465942383,18.600000381469727,17.399999618530273,18.56999969482422,659200,SNBR
4082,2016-03-28,18.670000076293945,18.979999542236328,18.350000381469727,18.719999313354492,601500,SNBR
4083,2016-03-29,18.649999618530273,19.469999313354492,18.649999618530273,19.40999984741211,547100,SNBR
4084,2016-03-30,19.489999771118164,19.68000030517578,19.149999618530273,19.389999389648438,513200,SNBR
4085,2016-03-31,19.450000762939453,19.709999084472656,19.049999237060547,19.389999389648438,636600,SNBR
4086,2016-04-01,19.299999237060547,19.729999542236328,19.049999237060547,19.610000610351562,514400,SNBR
4087,2016-04-04,19.639999389648438,19.68000030517578,19.030000686645508,19.280000686645508,490200,SNBR
4088,2016-04-05,19.139999389648438,19.520000457763672,19.059999465942383,19.270000457763672,651800,SNBR
4089,2016-04-06,19.219999313354492,19.5,19.15999984741211,19.3799991607666,407800,SNBR
4090,2016-04-07,19.270000457763672,19.469999313354492,19.09000015258789,19.170000076293945,684600,SNBR
4091,2016-04-08,19.31999969482422,19.5,19.010000228881836,19.25,425000,SNBR
4092,2016-04-11,19.18000030517578,20.25,19.18000030517578,19.3799991607666,825400,SNBR
4093,2016-04-12,19.3799991607666,19.670000076293945,19.260000228881836,19.649999618530273,667000,SNBR
4094,2016-04-13,19.649999618530273,20.670000076293945,19.649999618530273,20.549999237060547,490000,SNBR
4095,2016-04-14,20.5,20.690000534057617,20.309999465942383,20.600000381469727,401000,SNBR
4096,2016-04-15,20.469999313354492,20.6299991607666,19.93000030517578,20.229999542236328,547400,SNBR
4097,2016-04-18,20.270000457763672,20.559999465942383,20.049999237060547,20.200000762939453,483200,SNBR
4098,2016-04-19,20.299999237060547,20.65999984741211,20.15999984741211,20.360000610351562,684100,SNBR
4099,2016-04-20,20.329999923706055,20.510000228881836,19.510000228881836,20.260000228881836,496000,SNBR
4100,2016-04-21,20.290000915527344,20.479999542236328,20.209999084472656,20.34000015258789,474100,SNBR
4101,2016-04-22,20.290000915527344,20.760000228881836,20.290000915527344,20.489999771118164,609100,SNBR
4102,2016-04-25,20.520000457763672,20.6200008392334,20.229999542236328,20.309999465942383,972100,SNBR
4103,2016-04-26,20.239999771118164,20.84000015258789,20.200000762939453,20.81999969482422,1283900,SNBR
4104,2016-04-27,20.809999465942383,21.290000915527344,20.639999389648438,20.84000015258789,1260500,SNBR
4105,2016-04-28,20.15999984741211,21.030000686645508,20.15999984741211,20.270000457763672,1393800,SNBR
4106,2016-04-29,22.81999969482422,24.899999618530273,22.520000457763672,24.68000030517578,3771500,SNBR
4107,2016-05-02,24.56999969482422,24.690000534057617,23.559999465942383,24.670000076293945,1363200,SNBR
4108,2016-05-03,24.579999923706055,24.989999771118164,23.959999084472656,24.520000457763672,1001600,SNBR
4109,2016-05-04,24.299999237060547,24.670000076293945,24.270000457763672,24.489999771118164,841000,SNBR
4110,2016-05-05,24.389999389648438,24.860000610351562,24.260000228881836,24.520000457763672,913400,SNBR
4111,2016-05-06,24.510000228881836,24.799999237060547,24.190000534057617,24.549999237060547,923500,SNBR
4112,2016-05-09,24.6299991607666,24.75,24.3700008392334,24.389999389648438,651200,SNBR
4113,2016-05-10,24.360000610351562,24.530000686645508,24.079999923706055,24.299999237060547,618000,SNBR
4114,2016-05-11,24.139999389648438,24.5,24.100000381469727,24.329999923706055,907700,SNBR
4115,2016-05-12,24.459999084472656,24.469999313354492,23.56999969482422,23.6200008392334,1801800,SNBR
4116,2016-05-13,23.479999542236328,24.139999389648438,22.450000762939453,22.520000457763672,1030400,SNBR
4117,2016-05-16,22.56999969482422,22.729999542236328,22.049999237060547,22.06999969482422,1449200,SNBR
4118,2016-05-17,22.190000534057617,22.700000762939453,21.959999084472656,22.170000076293945,833400,SNBR
4119,2016-05-18,22.09000015258789,22.239999771118164,21.709999084472656,21.739999771118164,655300,SNBR
4120,2016-05-19,21.670000076293945,22.0,21.309999465942383,21.5,459900,SNBR
4121,2016-05-20,21.6200008392334,22.06999969482422,21.6200008392334,22.059999465942383,419000,SNBR
4122,2016-05-23,22.010000228881836,22.290000915527344,21.65999984741211,21.940000534057617,686000,SNBR
4123,2016-05-24,21.979999542236328,22.639999389648438,21.93000030517578,22.3799991607666,509100,SNBR
4124,2016-05-25,22.389999389648438,22.56999969482422,22.3799991607666,22.440000534057617,570800,SNBR
4125,2016-05-26,22.579999923706055,22.81999969482422,22.299999237060547,22.510000228881836,320200,SNBR
4126,2016-05-27,22.420000076293945,22.90999984741211,22.399999618530273,22.780000686645508,319400,SNBR
4127,2016-05-31,22.8700008392334,22.8700008392334,22.360000610351562,22.420000076293945,616500,SNBR
4128,2016-06-01,22.43000030517578,23.1200008392334,22.260000228881836,23.100000381469727,514200,SNBR
4129,2016-06-02,23.020000457763672,23.18000030517578,22.940000534057617,23.030000686645508,506500,SNBR
4130,2016-06-03,22.979999542236328,22.979999542236328,22.280000686645508,22.559999465942383,447100,SNBR
4131,2016-06-06,22.549999237060547,22.809999465942383,22.309999465942383,22.68000030517578,477700,SNBR
4132,2016-06-07,22.760000228881836,23.34000015258789,22.670000076293945,23.0,486400,SNBR
4133,2016-06-08,23.110000610351562,23.3799991607666,22.600000381469727,23.020000457763672,981100,SNBR
4134,2016-06-09,22.65999984741211,22.84000015258789,22.270000457763672,22.389999389648438,734200,SNBR
4135,2016-06-10,22.010000228881836,22.3799991607666,21.40999984741211,22.329999923706055,1331100,SNBR
4136,2016-06-13,22.25,22.31999969482422,21.940000534057617,22.030000686645508,905500,SNBR
4137,2016-06-14,21.850000381469727,22.1200008392334,21.799999237060547,22.110000610351562,596300,SNBR
4138,2016-06-15,22.040000915527344,22.25,21.860000610351562,21.920000076293945,504600,SNBR
4139,2016-06-16,21.700000762939453,21.969999313354492,21.600000381469727,21.809999465942383,431700,SNBR
4140,2016-06-17,21.889999389648438,22.479999542236328,21.729999542236328,22.040000915527344,1018200,SNBR
4141,2016-06-20,22.200000762939453,22.75,22.200000762939453,22.34000015258789,371800,SNBR
4142,2016-06-21,22.25,22.520000457763672,21.81999969482422,21.8799991607666,214600,SNBR
4143,2016-06-22,22.020000457763672,22.260000228881836,21.93000030517578,21.950000762939453,326600,SNBR
4144,2016-06-23,22.06999969482422,22.40999984741211,21.969999313354492,22.06999969482422,245300,SNBR
4145,2016-06-24,21.299999237060547,21.579999923706055,21.059999465942383,21.219999313354492,563100,SNBR
4146,2016-06-27,21.040000915527344,21.040000915527344,19.950000762939453,20.3799991607666,476800,SNBR
4147,2016-06-28,20.690000534057617,20.989999771118164,20.56999969482422,20.690000534057617,443300,SNBR
4148,2016-06-29,20.729999542236328,21.229999542236328,20.59000015258789,21.170000076293945,341300,SNBR
4149,2016-06-30,21.270000457763672,21.399999618530273,20.610000610351562,21.3799991607666,473100,SNBR
4150,2016-07-01,21.219999313354492,21.690000534057617,21.219999313354492,21.6299991607666,373900,SNBR
4151,2016-07-05,21.59000015258789,21.59000015258789,21.059999465942383,21.360000610351562,363400,SNBR
4152,2016-07-06,21.200000762939453,21.469999313354492,20.780000686645508,21.309999465942383,282100,SNBR
4153,2016-07-07,21.40999984741211,21.850000381469727,21.40999984741211,21.829999923706055,548200,SNBR
4154,2016-07-08,22.0,22.610000610351562,21.950000762939453,22.489999771118164,616900,SNBR
4155,2016-07-11,22.469999313354492,23.209999084472656,22.329999923706055,23.06999969482422,579300,SNBR
4156,2016-07-12,23.1200008392334,23.520000457763672,22.549999237060547,23.329999923706055,447300,SNBR
4157,2016-07-13,23.5,23.5,22.59000015258789,22.709999084472656,809400,SNBR
4158,2016-07-14,22.670000076293945,22.75,22.40999984741211,22.559999465942383,644100,SNBR
4159,2016-07-15,22.329999923706055,23.350000381469727,22.329999923706055,22.799999237060547,710000,SNBR
4160,2016-07-18,22.889999389648438,23.43000030517578,22.850000381469727,23.25,747800,SNBR
4161,2016-07-19,23.270000457763672,23.469999313354492,22.559999465942383,22.719999313354492,866200,SNBR
4162,2016-07-20,22.799999237060547,23.700000762939453,22.719999313354492,23.5,1330900,SNBR
4163,2016-07-21,22.479999542236328,22.65999984741211,21.59000015258789,22.010000228881836,2559500,SNBR
4164,2016-07-22,22.040000915527344,22.780000686645508,21.8799991607666,22.530000686645508,715400,SNBR
4165,2016-07-25,22.579999923706055,22.81999969482422,21.829999923706055,22.75,471300,SNBR
4166,2016-07-26,22.8799991607666,23.31999969482422,22.829999923706055,23.18000030517578,393000,SNBR
4167,2016-07-27,23.360000610351562,23.530000686645508,22.989999771118164,23.040000915527344,383200,SNBR
4168,2016-07-28,23.729999542236328,23.920000076293945,23.420000076293945,23.600000381469727,463800,SNBR
4169,2016-07-29,23.65999984741211,23.969999313354492,23.31999969482422,23.860000610351562,584400,SNBR
4170,2016-08-01,23.979999542236328,23.979999542236328,23.610000610351562,23.729999542236328,323000,SNBR
4171,2016-08-02,23.709999084472656,23.889999389648438,23.219999313354492,23.40999984741211,338400,SNBR
4172,2016-08-03,23.299999237060547,23.6299991607666,23.1299991607666,23.469999313354492,236700,SNBR
4173,2016-08-04,23.540000915527344,24.1299991607666,23.5,24.059999465942383,461800,SNBR
4174,2016-08-05,24.139999389648438,25.06999969482422,24.139999389648438,24.989999771118164,662100,SNBR
4175,2016-08-08,26.739999771118164,27.219999313354492,25.6200008392334,25.700000762939453,1697300,SNBR
4176,2016-08-09,25.799999237060547,25.799999237060547,25.1200008392334,25.18000030517578,469000,SNBR
4177,2016-08-10,25.25,25.40999984741211,25.059999465942383,25.059999465942383,351800,SNBR
4178,2016-08-11,25.280000686645508,25.6299991607666,25.040000915527344,25.559999465942383,373800,SNBR
4179,2016-08-12,25.5,25.850000381469727,25.309999465942383,25.760000228881836,389900,SNBR
4180,2016-08-15,27.5,28.34000015258789,26.600000381469727,27.68000030517578,1370600,SNBR
4181,2016-08-16,27.6200008392334,27.979999542236328,27.1299991607666,27.239999771118164,553800,SNBR
4182,2016-08-17,27.110000610351562,27.170000076293945,26.850000381469727,26.989999771118164,289400,SNBR
4183,2016-08-18,27.100000381469727,27.31999969482422,26.8700008392334,27.270000457763672,537800,SNBR
4184,2016-08-19,27.170000076293945,27.25,26.90999984741211,26.989999771118164,369200,SNBR
4185,2016-08-22,26.989999771118164,27.350000381469727,26.829999923706055,27.15999984741211,388500,SNBR
4186,2016-08-23,27.170000076293945,27.389999389648438,26.790000915527344,27.079999923706055,327700,SNBR
4187,2016-08-24,26.940000534057617,27.149999618530273,26.780000686645508,26.899999618530273,275500,SNBR
4188,2016-08-25,26.940000534057617,27.0,26.59000015258789,26.690000534057617,263400,SNBR
4189,2016-08-26,26.81999969482422,26.81999969482422,26.260000228881836,26.3799991607666,397200,SNBR
4190,2016-08-29,26.3700008392334,26.549999237060547,26.219999313354492,26.40999984741211,515300,SNBR
4191,2016-08-30,26.459999084472656,26.459999084472656,26.229999542236328,26.350000381469727,264100,SNBR
4192,2016-08-31,26.149999618530273,26.43000030517578,25.969999313354492,26.25,387100,SNBR
4193,2016-09-01,26.350000381469727,26.5,26.1299991607666,26.329999923706055,570000,SNBR
4194,2016-09-02,26.5,26.5,26.25,26.350000381469727,444900,SNBR
4195,2016-09-06,26.3700008392334,26.3700008392334,26.139999389648438,26.350000381469727,396300,SNBR
4196,2016-09-07,26.25,26.520000457763672,26.1200008392334,26.450000762939453,508200,SNBR
4197,2016-09-08,26.309999465942383,26.420000076293945,26.209999084472656,26.229999542236328,414700,SNBR
4198,2016-09-09,25.8799991607666,25.979999542236328,24.8799991607666,24.889999389648438,620300,SNBR
4199,2016-09-12,24.959999084472656,25.459999084472656,24.579999923706055,25.459999084472656,442000,SNBR
4200,2016-09-13,25.25,25.6299991607666,24.969999313354492,25.40999984741211,525600,SNBR
4201,2016-09-14,25.280000686645508,25.43000030517578,24.920000076293945,24.979999542236328,364600,SNBR
4202,2016-09-15,24.8799991607666,25.510000228881836,24.8799991607666,25.09000015258789,437600,SNBR
4203,2016-09-16,25.100000381469727,25.309999465942383,24.93000030517578,24.950000762939453,550400,SNBR
4204,2016-09-19,25.149999618530273,25.399999618530273,24.979999542236328,25.15999984741211,255600,SNBR
4205,2016-09-20,25.200000762939453,25.549999237060547,24.760000228881836,24.780000686645508,357600,SNBR
4206,2016-09-21,24.760000228881836,25.40999984741211,24.729999542236328,25.3700008392334,389500,SNBR
4207,2016-09-22,25.420000076293945,25.8799991607666,25.360000610351562,25.809999465942383,558000,SNBR
4208,2016-09-23,25.6200008392334,25.969999313354492,25.520000457763672,25.559999465942383,319100,SNBR
4209,2016-09-26,25.420000076293945,25.510000228881836,25.06999969482422,25.110000610351562,288000,SNBR
4210,2016-09-27,25.06999969482422,25.290000915527344,24.6200008392334,25.1200008392334,259900,SNBR
4211,2016-09-28,23.3700008392334,23.809999465942383,22.610000610351562,22.81999969482422,1475300,SNBR
4212,2016-09-29,22.469999313354492,23.149999618530273,22.209999084472656,22.25,1777200,SNBR
4213,2016-09-30,22.200000762939453,22.389999389648438,21.350000381469727,21.600000381469727,1099100,SNBR
4214,2016-10-03,21.600000381469727,21.600000381469727,20.260000228881836,20.719999313354492,1602600,SNBR
4215,2016-10-04,20.889999389648438,21.43000030517578,20.649999618530273,20.84000015258789,816900,SNBR
4216,2016-10-05,20.84000015258789,21.31999969482422,20.770000457763672,21.0,454700,SNBR
4217,2016-10-06,21.0,21.34000015258789,20.84000015258789,21.25,556300,SNBR
4218,2016-10-07,21.209999084472656,21.43000030517578,20.979999542236328,21.139999389648438,568500,SNBR
4219,2016-10-10,21.459999084472656,22.43000030517578,21.200000762939453,21.280000686645508,667800,SNBR
4220,2016-10-11,21.25,21.25,20.6299991607666,20.829999923706055,521000,SNBR
4221,2016-10-12,20.920000076293945,21.209999084472656,20.809999465942383,20.940000534057617,483600,SNBR
4222,2016-10-13,20.719999313354492,20.93000030517578,20.600000381469727,20.850000381469727,467400,SNBR
4223,2016-10-14,20.950000762939453,21.079999923706055,20.540000915527344,20.8700008392334,395900,SNBR
4224,2016-10-17,20.889999389648438,21.219999313354492,20.8799991607666,21.0,788600,SNBR
4225,2016-10-18,21.3799991607666,21.5,20.84000015258789,21.1299991607666,733100,SNBR
4226,2016-10-19,21.1200008392334,21.8799991607666,21.0,21.579999923706055,1534300,SNBR
4227,2016-10-20,18.0,19.799999237060547,17.950000762939453,18.989999771118164,8269800,SNBR
4228,2016-10-21,18.780000686645508,19.8799991607666,18.770000457763672,19.059999465942383,2247500,SNBR
4229,2016-10-24,19.09000015258789,19.729999542236328,19.030000686645508,19.350000381469727,1436400,SNBR
4230,2016-10-25,19.25,19.760000228881836,19.100000381469727,19.510000228881836,1094900,SNBR
4231,2016-10-26,19.5,19.709999084472656,18.950000762939453,19.139999389648438,762800,SNBR
4232,2016-10-27,19.0,19.299999237060547,18.65999984741211,19.170000076293945,856900,SNBR
4233,2016-10-28,19.139999389648438,19.510000228881836,19.079999923706055,19.170000076293945,583200,SNBR
4234,2016-10-31,19.25,19.25,18.850000381469727,19.190000534057617,557500,SNBR
4235,2016-11-01,19.270000457763672,19.270000457763672,18.799999237060547,18.940000534057617,362800,SNBR
4236,2016-11-02,18.979999542236328,19.149999618530273,18.59000015258789,18.780000686645508,441000,SNBR
4237,2016-11-03,18.889999389648438,18.889999389648438,18.510000228881836,18.549999237060547,578000,SNBR
4238,2016-11-04,18.670000076293945,19.6299991607666,18.440000534057617,19.290000915527344,1118700,SNBR
4239,2016-11-07,19.690000534057617,19.920000076293945,19.600000381469727,19.8700008392334,586400,SNBR
4240,2016-11-08,19.739999771118164,19.809999465942383,19.440000534057617,19.639999389648438,367600,SNBR
4241,2016-11-09,19.309999465942383,20.860000610351562,19.020000457763672,20.799999237060547,591400,SNBR
4242,2016-11-10,21.1299991607666,21.8799991607666,20.920000076293945,21.559999465942383,1004700,SNBR
4243,2016-11-11,21.579999923706055,21.799999237060547,20.93000030517578,21.450000762939453,900700,SNBR
4244,2016-11-14,21.639999389648438,22.799999237060547,21.639999389648438,22.610000610351562,1105800,SNBR
4245,2016-11-15,22.579999923706055,22.739999771118164,21.889999389648438,22.149999618530273,798600,SNBR
4246,2016-11-16,22.149999618530273,22.520000457763672,22.0,22.040000915527344,755400,SNBR
4247,2016-11-17,22.1200008392334,22.360000610351562,21.940000534057617,22.190000534057617,775600,SNBR
4248,2016-11-18,22.200000762939453,22.739999771118164,21.40999984741211,22.719999313354492,563100,SNBR
4249,2016-11-21,22.780000686645508,23.389999389648438,22.729999542236328,23.110000610351562,639600,SNBR
4250,2016-11-22,23.170000076293945,24.020000457763672,23.170000076293945,23.780000686645508,677800,SNBR
4251,2016-11-23,23.709999084472656,24.229999542236328,23.520000457763672,24.1200008392334,332200,SNBR
4252,2016-11-25,24.09000015258789,24.450000762939453,23.68000030517578,24.329999923706055,175900,SNBR
4253,2016-11-28,24.280000686645508,24.280000686645508,23.450000762939453,23.579999923706055,497600,SNBR
4254,2016-11-29,23.670000076293945,23.75,23.079999923706055,23.110000610351562,860100,SNBR
4255,2016-11-30,23.280000686645508,23.360000610351562,22.59000015258789,22.6200008392334,638900,SNBR
4256,2016-12-01,22.59000015258789,23.229999542236328,22.489999771118164,22.600000381469727,613300,SNBR
4257,2016-12-02,22.65999984741211,22.950000762939453,22.299999237060547,22.31999969482422,391300,SNBR
4258,2016-12-05,22.540000915527344,23.09000015258789,22.540000915527344,22.959999084472656,553300,SNBR
4259,2016-12-06,21.6200008392334,22.049999237060547,20.170000076293945,21.790000915527344,2310900,SNBR
4260,2016-12-07,21.56999969482422,22.3799991607666,21.56999969482422,22.030000686645508,832900,SNBR
4261,2016-12-08,22.170000076293945,22.81999969482422,21.950000762939453,22.6299991607666,660400,SNBR
4262,2016-12-09,22.549999237060547,23.030000686645508,22.43000030517578,22.610000610351562,664100,SNBR
4263,2016-12-12,22.510000228881836,23.219999313354492,22.25,22.399999618530273,446700,SNBR
4264,2016-12-13,22.59000015258789,23.43000030517578,22.59000015258789,23.309999465942383,626500,SNBR
4265,2016-12-14,23.309999465942383,23.639999389648438,23.18000030517578,23.219999313354492,498400,SNBR
4266,2016-12-15,23.270000457763672,23.530000686645508,22.899999618530273,22.979999542236328,559000,SNBR
4267,2016-12-16,23.059999465942383,23.6299991607666,22.959999084472656,23.260000228881836,736400,SNBR
4268,2016-12-19,23.219999313354492,23.719999313354492,23.219999313354492,23.469999313354492,464800,SNBR
4269,2016-12-20,23.649999618530273,23.959999084472656,23.360000610351562,23.729999542236328,241700,SNBR
4270,2016-12-21,23.81999969482422,23.8799991607666,23.25,23.270000457763672,476800,SNBR
4271,2016-12-22,23.219999313354492,23.280000686645508,22.770000457763672,22.829999923706055,559000,SNBR
4272,2016-12-23,22.600000381469727,23.139999389648438,22.600000381469727,23.040000915527344,206200,SNBR
4273,2016-12-27,23.1200008392334,23.670000076293945,22.969999313354492,23.6200008392334,197800,SNBR
4274,2016-12-28,23.65999984741211,23.799999237060547,22.850000381469727,22.8700008392334,483500,SNBR
4275,2016-12-29,22.940000534057617,23.34000015258789,22.75,22.899999618530273,377600,SNBR
4276,2016-12-30,22.940000534057617,23.15999984741211,22.579999923706055,22.6200008392334,410300,SNBR
4277,2017-01-03,22.989999771118164,23.15999984741211,22.549999237060547,22.75,642800,SNBR
4278,2017-01-04,22.93000030517578,23.3799991607666,22.93000030517578,23.139999389648438,687100,SNBR
4279,2017-01-05,22.90999984741211,23.09000015258789,22.40999984741211,22.719999313354492,444600,SNBR
4280,2017-01-06,22.959999084472656,23.190000534057617,22.59000015258789,22.90999984741211,487800,SNBR
4281,2017-01-09,22.8799991607666,22.920000076293945,21.969999313354492,22.040000915527344,718800,SNBR
4282,2017-01-10,22.15999984741211,22.3799991607666,21.790000915527344,21.799999237060547,626200,SNBR
4283,2017-01-11,21.739999771118164,21.790000915527344,20.940000534057617,21.25,619100,SNBR
4284,2017-01-12,21.200000762939453,21.209999084472656,20.770000457763672,21.190000534057617,466300,SNBR
4285,2017-01-13,21.25,21.540000915527344,20.989999771118164,20.989999771118164,482900,SNBR
4286,2017-01-17,20.889999389648438,21.520000457763672,20.790000915527344,21.010000228881836,452500,SNBR
4287,2017-01-18,21.049999237060547,21.299999237060547,20.40999984741211,20.600000381469727,853900,SNBR
4288,2017-01-19,20.56999969482422,20.709999084472656,20.0,20.450000762939453,906300,SNBR
4289,2017-01-20,20.459999084472656,20.709999084472656,20.40999984741211,20.56999969482422,307700,SNBR
4290,2017-01-23,20.540000915527344,20.549999237060547,19.950000762939453,20.1299991607666,622900,SNBR
4291,2017-01-24,20.15999984741211,20.920000076293945,20.15999984741211,20.649999618530273,624900,SNBR
4292,2017-01-25,20.760000228881836,20.989999771118164,19.979999542236328,20.049999237060547,1094300,SNBR
4293,2017-01-26,19.950000762939453,20.06999969482422,19.690000534057617,19.729999542236328,830300,SNBR
4294,2017-01-27,19.729999542236328,20.020000457763672,19.440000534057617,19.780000686645508,561800,SNBR
4295,2017-01-30,19.09000015258789,20.350000381469727,18.889999389648438,20.229999542236328,2075800,SNBR
4296,2017-01-31,20.059999465942383,20.3700008392334,19.809999465942383,20.18000030517578,1070900,SNBR
4297,2017-02-01,20.329999923706055,20.329999923706055,19.940000534057617,20.139999389648438,896600,SNBR
4298,2017-02-02,19.90999984741211,20.219999313354492,19.8700008392334,19.950000762939453,988200,SNBR
4299,2017-02-03,20.030000686645508,20.389999389648438,19.959999084472656,20.030000686645508,929200,SNBR
4300,2017-02-06,19.989999771118164,20.100000381469727,19.3799991607666,19.790000915527344,1173300,SNBR
4301,2017-02-07,19.75,20.059999465942383,19.510000228881836,19.530000686645508,1140600,SNBR
4302,2017-02-08,19.510000228881836,19.829999923706055,19.059999465942383,19.770000457763672,2097700,SNBR
4303,2017-02-09,20.969999313354492,21.280000686645508,19.639999389648438,21.139999389648438,3510300,SNBR
4304,2017-02-10,21.010000228881836,21.84000015258789,20.739999771118164,21.739999771118164,1711500,SNBR
4305,2017-02-13,21.81999969482422,22.049999237060547,21.520000457763672,21.81999969482422,989900,SNBR
4306,2017-02-14,21.770000457763672,22.149999618530273,21.700000762939453,21.940000534057617,971700,SNBR
4307,2017-02-15,21.90999984741211,22.219999313354492,20.93000030517578,22.100000381469727,652700,SNBR
4308,2017-02-16,22.350000381469727,22.729999542236328,22.290000915527344,22.530000686645508,941500,SNBR
4309,2017-02-17,22.510000228881836,22.8700008392334,22.309999465942383,22.8700008392334,998200,SNBR
4310,2017-02-21,22.989999771118164,23.40999984741211,22.850000381469727,22.969999313354492,832100,SNBR
4311,2017-02-22,22.690000534057617,23.520000457763672,22.690000534057617,23.3700008392334,862800,SNBR
4312,2017-02-23,23.510000228881836,23.649999618530273,22.940000534057617,23.059999465942383,1250900,SNBR
4313,2017-02-24,22.8799991607666,23.40999984741211,21.520000457763672,23.260000228881836,1187400,SNBR
4314,2017-02-27,23.25,23.8799991607666,23.170000076293945,23.709999084472656,882100,SNBR
4315,2017-02-28,23.670000076293945,23.739999771118164,23.399999618530273,23.489999771118164,1222000,SNBR
4316,2017-03-01,23.68000030517578,24.309999465942383,23.530000686645508,24.170000076293945,810900,SNBR
4317,2017-03-02,24.149999618530273,24.360000610351562,23.81999969482422,23.940000534057617,653200,SNBR
4318,2017-03-03,23.850000381469727,24.5,23.850000381469727,24.43000030517578,693900,SNBR
4319,2017-03-06,24.209999084472656,24.510000228881836,23.90999984741211,24.280000686645508,622400,SNBR
4320,2017-03-07,24.229999542236328,24.290000915527344,23.540000915527344,23.889999389648438,921900,SNBR
4321,2017-03-08,23.920000076293945,24.420000076293945,23.549999237060547,24.200000762939453,436900,SNBR
4322,2017-03-09,24.200000762939453,24.280000686645508,23.770000457763672,23.8700008392334,462200,SNBR
4323,2017-03-10,24.010000228881836,24.139999389648438,23.770000457763672,23.850000381469727,653100,SNBR
4324,2017-03-13,23.850000381469727,24.18000030517578,23.709999084472656,23.920000076293945,635400,SNBR
4325,2017-03-14,23.84000015258789,24.06999969482422,23.670000076293945,23.959999084472656,483500,SNBR
4326,2017-03-15,24.06999969482422,24.6200008392334,23.959999084472656,24.489999771118164,499500,SNBR
4327,2017-03-16,24.469999313354492,24.899999618530273,24.469999313354492,24.59000015258789,441600,SNBR
4328,2017-03-17,24.540000915527344,24.889999389648438,24.43000030517578,24.469999313354492,1184700,SNBR
4329,2017-03-20,24.40999984741211,24.540000915527344,24.049999237060547,24.309999465942383,658500,SNBR
4330,2017-03-21,24.40999984741211,24.520000457763672,23.56999969482422,23.610000610351562,737800,SNBR
4331,2017-03-22,23.600000381469727,23.940000534057617,23.309999465942383,23.479999542236328,678900,SNBR
4332,2017-03-23,23.440000534057617,23.93000030517578,23.440000534057617,23.81999969482422,603000,SNBR
4333,2017-03-24,23.90999984741211,24.149999618530273,23.420000076293945,23.520000457763672,690300,SNBR
4334,2017-03-27,23.219999313354492,23.950000762939453,23.139999389648438,23.850000381469727,566400,SNBR
4335,2017-03-28,23.809999465942383,24.219999313354492,23.549999237060547,24.1299991607666,644100,SNBR
4336,2017-03-29,24.149999618530273,24.520000457763672,24.059999465942383,24.350000381469727,856100,SNBR
4337,2017-03-30,24.360000610351562,24.68000030517578,24.229999542236328,24.540000915527344,1453300,SNBR
4338,2017-03-31,24.549999237060547,24.889999389648438,24.549999237060547,24.790000915527344,785700,SNBR
4339,2017-04-03,24.81999969482422,24.969999313354492,24.520000457763672,24.6299991607666,578500,SNBR
4340,2017-04-04,24.59000015258789,24.719999313354492,24.299999237060547,24.489999771118164,563600,SNBR
4341,2017-04-05,24.610000610351562,24.940000534057617,24.440000534057617,24.559999465942383,456400,SNBR
4342,2017-04-06,24.670000076293945,25.829999923706055,24.6200008392334,25.799999237060547,918300,SNBR
4343,2017-04-07,25.760000228881836,25.90999984741211,25.329999923706055,25.360000610351562,877500,SNBR
4344,2017-04-10,25.299999237060547,25.8700008392334,25.049999237060547,25.6299991607666,583300,SNBR
4345,2017-04-11,24.760000228881836,25.809999465942383,24.420000076293945,25.229999542236328,1245600,SNBR
4346,2017-04-12,25.1299991607666,25.3799991607666,24.700000762939453,24.81999969482422,1073700,SNBR
4347,2017-04-13,24.719999313354492,24.780000686645508,24.40999984741211,24.56999969482422,946000,SNBR
4348,2017-04-17,24.59000015258789,24.940000534057617,24.209999084472656,24.920000076293945,1284900,SNBR
4349,2017-04-18,24.84000015258789,25.290000915527344,24.75,25.030000686645508,825700,SNBR
4350,2017-04-19,25.010000228881836,25.979999542236328,24.979999542236328,25.8700008392334,2027100,SNBR
4351,2017-04-20,29.780000686645508,33.290000915527344,29.65999984741211,33.18000030517578,11828800,SNBR
4352,2017-04-21,33.099998474121094,33.119998931884766,31.850000381469727,32.0099983215332,4796100,SNBR
4353,2017-04-24,32.310001373291016,32.40999984741211,31.0,31.299999237060547,2982400,SNBR
4354,2017-04-25,31.5,31.579999923706055,30.489999771118164,30.93000030517578,2331800,SNBR
4355,2017-04-26,30.8700008392334,32.220001220703125,30.829999923706055,32.13999938964844,1526100,SNBR
4356,2017-04-27,32.119998931884766,32.150001525878906,31.610000610351562,31.969999313354492,1144000,SNBR
4357,2017-04-28,32.02000045776367,32.02000045776367,30.860000610351562,30.899999618530273,1145000,SNBR
4358,2017-05-01,31.0,31.25,30.6299991607666,30.899999618530273,968300,SNBR
4359,2017-05-02,30.959999084472656,31.06999969482422,30.31999969482422,30.889999389648438,1011900,SNBR
4360,2017-05-03,30.850000381469727,31.09000015258789,30.670000076293945,30.950000762939453,703000,SNBR
4361,2017-05-04,31.110000610351562,31.690000534057617,30.829999923706055,30.940000534057617,707100,SNBR
4362,2017-05-05,30.989999771118164,31.100000381469727,30.719999313354492,30.989999771118164,614600,SNBR
4363,2017-05-08,31.0,31.06999969482422,30.610000610351562,30.690000534057617,637900,SNBR
4364,2017-05-09,30.719999313354492,30.93000030517578,30.079999923706055,30.850000381469727,1083400,SNBR
4365,2017-05-10,30.850000381469727,31.040000915527344,30.649999618530273,30.8700008392334,1186900,SNBR
4366,2017-05-11,30.770000457763672,31.010000228881836,30.139999389648438,30.739999771118164,1024600,SNBR
4367,2017-05-12,30.610000610351562,30.610000610351562,30.010000228881836,30.229999542236328,661900,SNBR
4368,2017-05-15,30.309999465942383,30.540000915527344,29.8700008392334,30.0,709800,SNBR
4369,2017-05-16,29.959999084472656,30.030000686645508,29.510000228881836,29.690000534057617,686500,SNBR
4370,2017-05-17,29.530000686645508,29.75,29.229999542236328,29.3700008392334,1251500,SNBR
4371,2017-05-18,29.299999237060547,29.549999237060547,28.670000076293945,29.010000228881836,1349700,SNBR
4372,2017-05-19,29.1200008392334,29.309999465942383,28.75,28.979999542236328,1192700,SNBR
4373,2017-05-22,29.06999969482422,29.860000610351562,28.93000030517578,29.770000457763672,841300,SNBR
4374,2017-05-23,29.75,30.010000228881836,29.459999084472656,29.610000610351562,459800,SNBR
4375,2017-05-24,29.729999542236328,29.899999618530273,29.389999389648438,29.530000686645508,648000,SNBR
4376,2017-05-25,29.6299991607666,29.90999984741211,29.040000915527344,29.059999465942383,526600,SNBR
4377,2017-05-26,29.020000457763672,29.079999923706055,28.649999618530273,29.059999465942383,563900,SNBR
4378,2017-05-30,28.93000030517578,29.989999771118164,28.399999618530273,28.579999923706055,778100,SNBR
4379,2017-05-31,28.600000381469727,29.0,28.229999542236328,28.799999237060547,809600,SNBR
4380,2017-06-01,28.860000610351562,30.25,28.65999984741211,30.200000762939453,834900,SNBR
4381,2017-06-02,30.06999969482422,30.489999771118164,29.530000686645508,29.809999465942383,611300,SNBR
4382,2017-06-05,29.75,30.0,29.3700008392334,29.950000762939453,919700,SNBR
4383,2017-06-06,29.780000686645508,30.469999313354492,29.3799991607666,30.1299991607666,911900,SNBR
4384,2017-06-07,29.950000762939453,31.100000381469727,29.670000076293945,31.030000686645508,1406900,SNBR
4385,2017-06-08,31.059999465942383,32.04999923706055,30.959999084472656,31.739999771118164,1168800,SNBR
4386,2017-06-09,32.20000076293945,33.369998931884766,31.770000457763672,32.02000045776367,2123600,SNBR
4387,2017-06-12,31.940000534057617,33.08000183105469,30.729999542236328,32.70000076293945,1245400,SNBR
4388,2017-06-13,32.90999984741211,33.16999816894531,32.06999969482422,32.209999084472656,831700,SNBR
4389,2017-06-14,32.13999938964844,32.5099983215332,31.770000457763672,32.27000045776367,452100,SNBR
4390,2017-06-15,31.969999313354492,32.40999984741211,31.559999465942383,32.040000915527344,480400,SNBR
4391,2017-06-16,31.780000686645508,31.780000686645508,31.09000015258789,31.639999389648438,1203900,SNBR
4392,2017-06-19,31.860000610351562,32.369998931884766,31.600000381469727,32.279998779296875,575600,SNBR
4393,2017-06-20,32.130001068115234,32.290000915527344,31.139999389648438,31.489999771118164,576300,SNBR
4394,2017-06-21,31.600000381469727,31.850000381469727,30.959999084472656,31.399999618530273,274700,SNBR
4395,2017-06-22,31.40999984741211,32.150001525878906,31.200000762939453,31.84000015258789,541600,SNBR
4396,2017-06-23,31.729999542236328,32.15999984741211,31.389999389648438,31.670000076293945,806500,SNBR
4397,2017-06-26,31.940000534057617,32.439998626708984,31.459999084472656,32.29999923706055,832600,SNBR
4398,2017-06-27,32.290000915527344,32.369998931884766,31.520000457763672,31.520000457763672,503800,SNBR
4399,2017-06-28,31.739999771118164,32.349998474121094,31.719999313354492,31.979999542236328,340400,SNBR
4400,2017-06-29,32.099998474121094,36.7400016784668,32.099998474121094,35.599998474121094,6649300,SNBR
4401,2017-06-30,35.599998474121094,36.08000183105469,34.90999984741211,35.4900016784668,1271800,SNBR
4402,2017-07-03,35.7400016784668,35.959999084472656,34.43000030517578,34.95000076293945,503500,SNBR
4403,2017-07-05,34.900001525878906,35.060001373291016,34.540000915527344,34.970001220703125,712500,SNBR
4404,2017-07-06,34.0,34.0,32.84000015258789,33.18000030517578,1837100,SNBR
4405,2017-07-07,33.31999969482422,33.54999923706055,30.190000534057617,30.559999465942383,2018200,SNBR
4406,2017-07-10,30.68000030517578,30.760000228881836,30.030000686645508,30.229999542236328,901400,SNBR
4407,2017-07-11,30.309999465942383,30.68000030517578,30.0,30.389999389648438,917200,SNBR
4408,2017-07-12,30.56999969482422,31.200000762939453,30.420000076293945,30.75,717000,SNBR
4409,2017-07-13,30.829999923706055,31.579999923706055,30.600000381469727,31.450000762939453,946500,SNBR
4410,2017-07-14,32.13999938964844,32.13999938964844,30.649999618530273,30.760000228881836,810100,SNBR
4411,2017-07-17,31.0,32.369998931884766,30.729999542236328,31.809999465942383,2471900,SNBR
4412,2017-07-18,31.0,32.86000061035156,30.790000915527344,32.2400016784668,4655400,SNBR
4413,2017-07-19,33.209999084472656,33.38999938964844,31.969999313354492,32.9900016784668,1834600,SNBR
4414,2017-07-20,33.38999938964844,33.38999938964844,32.04999923706055,32.5099983215332,1294500,SNBR
4415,2017-07-21,32.540000915527344,32.709999084472656,31.790000915527344,32.150001525878906,893600,SNBR
4416,2017-07-24,32.18000030517578,32.45000076293945,31.829999923706055,31.989999771118164,1121100,SNBR
4417,2017-07-25,32.20000076293945,32.279998779296875,31.649999618530273,32.150001525878906,693200,SNBR
4418,2017-07-26,32.290000915527344,32.810001373291016,32.18000030517578,32.66999816894531,612000,SNBR
4419,2017-07-27,32.81999969482422,33.689998626708984,32.56999969482422,33.61000061035156,721000,SNBR
4420,2017-07-28,33.369998931884766,33.790000915527344,33.27000045776367,33.66999816894531,540800,SNBR
4421,2017-07-31,33.849998474121094,34.029998779296875,33.439998626708984,33.810001373291016,660500,SNBR
4422,2017-08-01,34.27000045776367,34.369998931884766,33.5099983215332,34.040000915527344,670000,SNBR
4423,2017-08-02,33.9900016784668,34.130001068115234,32.25,32.40999984741211,1075300,SNBR
4424,2017-08-03,32.720001220703125,33.040000915527344,32.130001068115234,32.47999954223633,618700,SNBR
4425,2017-08-04,32.52000045776367,33.43000030517578,32.5099983215332,33.349998474121094,385200,SNBR
4426,2017-08-07,33.40999984741211,34.599998474121094,33.22999954223633,33.86000061035156,872900,SNBR
4427,2017-08-08,33.939998626708984,34.060001373291016,33.040000915527344,33.27000045776367,586000,SNBR
4428,2017-08-09,33.04999923706055,33.599998474121094,32.77000045776367,33.36000061035156,395300,SNBR
4429,2017-08-10,33.09000015258789,33.150001525878906,31.93000030517578,32.75,598400,SNBR
4430,2017-08-11,32.810001373291016,33.38999938964844,31.1200008392334,33.0,474600,SNBR
4431,2017-08-14,33.279998779296875,33.68000030517578,33.0099983215332,33.08000183105469,583500,SNBR
4432,2017-08-15,32.83000183105469,33.18000030517578,31.739999771118164,32.040000915527344,504500,SNBR
4433,2017-08-16,32.2599983215332,32.54999923706055,32.06999969482422,32.25,419400,SNBR
4434,2017-08-17,32.20000076293945,32.70000076293945,31.139999389648438,31.15999984741211,500400,SNBR
4435,2017-08-18,30.969999313354492,31.31999969482422,30.899999618530273,31.010000228881836,1368300,SNBR
4436,2017-08-21,31.18000030517578,31.31999969482422,30.6200008392334,30.649999618530273,572100,SNBR
4437,2017-08-22,30.690000534057617,31.43000030517578,30.489999771118164,31.110000610351562,729600,SNBR
4438,2017-08-23,30.889999389648438,31.139999389648438,30.260000228881836,30.450000762939453,494300,SNBR
4439,2017-08-24,30.760000228881836,30.90999984741211,30.100000381469727,30.260000228881836,411600,SNBR
4440,2017-08-25,30.350000381469727,30.59000015258789,30.049999237060547,30.100000381469727,400600,SNBR
4441,2017-08-28,30.280000686645508,30.350000381469727,29.889999389648438,30.040000915527344,582100,SNBR
4442,2017-08-29,29.770000457763672,30.049999237060547,29.510000228881836,29.670000076293945,525900,SNBR
4443,2017-08-30,29.729999542236328,29.950000762939453,29.219999313354492,29.56999969482422,564600,SNBR
4444,2017-08-31,29.59000015258789,30.15999984741211,29.43000030517578,29.530000686645508,595100,SNBR
4445,2017-09-01,29.6200008392334,30.459999084472656,29.6200008392334,30.450000762939453,649300,SNBR
4446,2017-09-05,30.329999923706055,30.649999618530273,29.399999618530273,29.850000381469727,772100,SNBR
4447,2017-09-06,29.950000762939453,29.989999771118164,29.34000015258789,29.639999389648438,532400,SNBR
4448,2017-09-07,29.65999984741211,30.110000610351562,28.600000381469727,29.329999923706055,672200,SNBR
4449,2017-09-08,29.3799991607666,29.639999389648438,28.969999313354492,29.329999923706055,490600,SNBR
4450,2017-09-11,29.530000686645508,29.700000762939453,28.239999771118164,28.489999771118164,824900,SNBR
4451,2017-09-12,29.079999923706055,29.940000534057617,28.6299991607666,29.420000076293945,846100,SNBR
4452,2017-09-13,29.40999984741211,30.09000015258789,29.40999984741211,29.8799991607666,571400,SNBR
4453,2017-09-14,29.889999389648438,29.889999389648438,28.860000610351562,29.139999389648438,885100,SNBR
4454,2017-09-15,29.170000076293945,30.290000915527344,29.020000457763672,29.219999313354492,713400,SNBR
4455,2017-09-18,29.219999313354492,29.700000762939453,28.84000015258789,28.899999618530273,433700,SNBR
4456,2017-09-19,28.959999084472656,29.229999542236328,28.690000534057617,29.020000457763672,582500,SNBR
4457,2017-09-20,28.93000030517578,29.190000534057617,28.65999984741211,29.110000610351562,448700,SNBR
4458,2017-09-21,29.149999618530273,29.5,28.899999618530273,29.209999084472656,466600,SNBR
4459,2017-09-22,29.079999923706055,29.719999313354492,28.969999313354492,29.649999618530273,503900,SNBR
4460,2017-09-25,29.690000534057617,30.06999969482422,29.170000076293945,29.350000381469727,423900,SNBR
4461,2017-09-26,29.469999313354492,30.3799991607666,29.469999313354492,29.75,654700,SNBR
4462,2017-09-27,29.770000457763672,30.860000610351562,29.610000610351562,30.450000762939453,483500,SNBR
4463,2017-09-28,30.31999969482422,31.020000457763672,29.969999313354492,30.93000030517578,445500,SNBR
4464,2017-09-29,30.8799991607666,31.3799991607666,30.799999237060547,31.049999237060547,634100,SNBR
4465,2017-10-02,32.619998931884766,32.619998931884766,30.799999237060547,31.729999542236328,726400,SNBR
4466,2017-10-03,31.899999618530273,32.459999084472656,31.450000762939453,32.34000015258789,1197000,SNBR
4467,2017-10-04,32.40999984741211,32.90999984741211,31.860000610351562,32.77000045776367,830600,SNBR
4468,2017-10-05,32.79999923706055,33.02000045776367,32.540000915527344,32.59000015258789,561100,SNBR
4469,2017-10-06,32.40999984741211,32.810001373291016,32.20000076293945,32.22999954223633,602500,SNBR
4470,2017-10-09,32.439998626708984,32.66999816894531,31.329999923706055,31.34000015258789,673000,SNBR
4471,2017-10-10,31.65999984741211,31.799999237060547,30.760000228881836,31.09000015258789,742900,SNBR
4472,2017-10-11,31.260000228881836,31.639999389648438,30.81999969482422,31.329999923706055,625600,SNBR
4473,2017-10-12,30.959999084472656,30.959999084472656,29.43000030517578,30.43000030517578,816100,SNBR
4474,2017-10-13,30.420000076293945,31.030000686645508,30.1299991607666,30.6299991607666,639100,SNBR
4475,2017-10-16,30.6299991607666,30.770000457763672,30.25,30.549999237060547,835700,SNBR
4476,2017-10-17,30.360000610351562,30.649999618530273,30.030000686645508,30.3799991607666,1549600,SNBR
4477,2017-10-18,30.0,33.650001525878906,30.0,32.08000183105469,5955800,SNBR
4478,2017-10-19,32.2599983215332,32.93000030517578,31.739999771118164,32.290000915527344,2077900,SNBR
4479,2017-10-20,32.349998474121094,34.59000015258789,32.34000015258789,34.0099983215332,2196800,SNBR
4480,2017-10-23,33.959999084472656,34.560001373291016,33.22999954223633,33.29999923706055,1449800,SNBR
4481,2017-10-24,32.97999954223633,34.369998931884766,32.900001525878906,33.86000061035156,1486900,SNBR
4482,2017-10-25,33.88999938964844,34.47999954223633,33.27000045776367,34.13999938964844,1236300,SNBR
4483,2017-10-26,34.0099983215332,34.40999984741211,33.33000183105469,34.0,1135500,SNBR
4484,2017-10-27,33.880001068115234,34.20000076293945,33.290000915527344,33.33000183105469,689300,SNBR
4485,2017-10-30,33.189998626708984,33.349998474121094,31.6200008392334,31.8700008392334,1094200,SNBR
4486,2017-10-31,31.8700008392334,32.619998931884766,31.239999771118164,32.5,1073400,SNBR
4487,2017-11-01,32.5099983215332,34.84000015258789,31.860000610351562,33.849998474121094,436500,SNBR
4488,2017-11-02,34.04999923706055,34.5,31.5,32.400001525878906,1122000,SNBR
4489,2017-11-03,31.690000534057617,32.099998474121094,30.979999542236328,31.030000686645508,1474000,SNBR
4490,2017-11-06,30.829999923706055,31.469999313354492,30.520000457763672,30.8700008392334,1197200,SNBR
4491,2017-11-07,31.190000534057617,31.670000076293945,29.299999237060547,29.84000015258789,1226900,SNBR
4492,2017-11-08,29.649999618530273,30.700000762939453,29.649999618530273,30.579999923706055,656000,SNBR
4493,2017-11-09,29.600000381469727,30.899999618530273,28.3799991607666,30.639999389648438,547500,SNBR
4494,2017-11-10,30.639999389648438,31.670000076293945,30.639999389648438,31.1200008392334,381400,SNBR
4495,2017-11-13,31.09000015258789,31.229999542236328,30.329999923706055,30.649999618530273,507100,SNBR
4496,2017-11-14,30.43000030517578,31.270000457763672,30.43000030517578,30.81999969482422,417200,SNBR
4497,2017-11-15,30.56999969482422,31.34000015258789,30.15999984741211,31.040000915527344,773600,SNBR
4498,2017-11-16,30.920000076293945,33.380001068115234,30.889999389648438,33.349998474121094,1018200,SNBR
4499,2017-11-17,33.15999984741211,34.36000061035156,32.52000045776367,34.29999923706055,659300,SNBR
4500,2017-11-20,34.18000030517578,34.7400016784668,33.97999954223633,34.529998779296875,712200,SNBR
4501,2017-11-21,34.630001068115234,34.970001220703125,34.0,34.900001525878906,526800,SNBR
4502,2017-11-22,34.81999969482422,35.310001373291016,34.70000076293945,34.939998626708984,345900,SNBR
4503,2017-11-24,35.13999938964844,35.689998626708984,34.939998626708984,35.20000076293945,309000,SNBR
4504,2017-11-27,35.34000015258789,35.630001068115234,33.459999084472656,33.52000045776367,658600,SNBR
4505,2017-11-28,33.689998626708984,34.709999084472656,33.27000045776367,34.560001373291016,411200,SNBR
4506,2017-11-29,34.720001220703125,35.650001525878906,34.439998626708984,35.310001373291016,539400,SNBR
4507,2017-11-30,35.29999923706055,36.099998474121094,35.0099983215332,35.189998626708984,656000,SNBR
4508,2017-12-01,35.13999938964844,35.81999969482422,34.20000076293945,35.7599983215332,826700,SNBR
4509,2017-12-04,35.95000076293945,37.939998626708984,35.779998779296875,37.189998626708984,1041900,SNBR
4510,2017-12-05,37.27000045776367,37.5099983215332,36.599998474121094,37.20000076293945,525400,SNBR
4511,2017-12-06,37.119998931884766,37.93000030517578,36.83000183105469,37.689998626708984,881800,SNBR
4512,2017-12-07,37.650001525878906,38.11000061035156,37.349998474121094,37.540000915527344,694900,SNBR
4513,2017-12-08,37.849998474121094,37.95000076293945,37.279998779296875,37.81999969482422,464300,SNBR
4514,2017-12-11,37.75,37.97999954223633,37.529998779296875,37.650001525878906,619500,SNBR
4515,2017-12-12,37.650001525878906,37.900001525878906,37.380001068115234,37.56999969482422,578300,SNBR
4516,2017-12-13,37.529998779296875,37.880001068115234,37.29999923706055,37.41999816894531,618400,SNBR
4517,2017-12-14,37.34000015258789,37.689998626708984,36.150001525878906,36.2599983215332,759400,SNBR
4518,2017-12-15,36.349998474121094,37.13999938964844,36.25,36.7599983215332,1193800,SNBR
4519,2017-12-18,36.900001525878906,38.15999984741211,36.900001525878906,38.0,685900,SNBR
4520,2017-12-19,38.15999984741211,38.849998474121094,37.43000030517578,37.959999084472656,545900,SNBR
4521,2017-12-20,37.970001220703125,38.34000015258789,37.540000915527344,37.61000061035156,341400,SNBR
4522,2017-12-21,37.79999923706055,37.900001525878906,37.29999923706055,37.58000183105469,345100,SNBR
4523,2017-12-22,37.52000045776367,37.880001068115234,37.31999969482422,37.619998931884766,297900,SNBR
4524,2017-12-26,37.709999084472656,38.25,37.709999084472656,37.95000076293945,238700,SNBR
4525,2017-12-27,38.099998474121094,38.529998779296875,37.779998779296875,37.880001068115234,268000,SNBR
4526,2017-12-28,38.029998779296875,38.029998779296875,37.47999954223633,37.86000061035156,221900,SNBR
4527,2017-12-29,37.97999954223633,38.34000015258789,37.58000183105469,37.59000015258789,294700,SNBR
4528,2018-01-02,37.720001220703125,38.65999984741211,37.619998931884766,38.150001525878906,668200,SNBR
4529,2018-01-03,38.06999969482422,38.150001525878906,37.47999954223633,37.5099983215332,360200,SNBR
4530,2018-01-04,37.849998474121094,38.040000915527344,37.310001373291016,37.869998931884766,364600,SNBR
4531,2018-01-05,37.880001068115234,38.15999984741211,37.599998474121094,37.880001068115234,355300,SNBR
4532,2018-01-08,37.91999816894531,38.25,37.15999984741211,37.869998931884766,360400,SNBR
4533,2018-01-09,37.9900016784668,38.689998626708984,37.849998474121094,38.29999923706055,637900,SNBR
4534,2018-01-10,38.209999084472656,38.27000045776367,37.5,37.90999984741211,273800,SNBR
4535,2018-01-11,38.189998626708984,38.5,37.630001068115234,38.33000183105469,571500,SNBR
4536,2018-01-12,38.20000076293945,39.06999969482422,38.0,38.81999969482422,389000,SNBR
4537,2018-01-16,39.0,39.95000076293945,38.150001525878906,38.279998779296875,371900,SNBR
4538,2018-01-17,38.41999816894531,38.58000183105469,37.869998931884766,38.11000061035156,523400,SNBR
4539,2018-01-18,37.900001525878906,38.04999923706055,36.81999969482422,37.0,474400,SNBR
4540,2018-01-19,37.0,38.13999938964844,36.97999954223633,38.029998779296875,425600,SNBR
4541,2018-01-22,38.029998779296875,39.2400016784668,37.47999954223633,39.209999084472656,919400,SNBR
4542,2018-01-23,39.20000076293945,40.16999816894531,39.20000076293945,39.790000915527344,435600,SNBR
4543,2018-01-24,39.93000030517578,40.310001373291016,38.70000076293945,39.869998931884766,325900,SNBR
4544,2018-01-25,39.970001220703125,40.09000015258789,39.29999923706055,39.70000076293945,460400,SNBR
4545,2018-01-26,39.790000915527344,40.15999984741211,39.310001373291016,40.04999923706055,330900,SNBR
4546,2018-01-29,40.04999923706055,40.720001220703125,39.689998626708984,40.189998626708984,599300,SNBR
4547,2018-01-30,39.779998779296875,40.0099983215332,38.2599983215332,38.29999923706055,860200,SNBR
4548,2018-01-31,38.540000915527344,38.970001220703125,37.619998931884766,37.63999938964844,652600,SNBR
4549,2018-02-01,37.45000076293945,37.75,36.75,37.099998474121094,746500,SNBR
4550,2018-02-02,36.86000061035156,37.38999938964844,35.900001525878906,36.58000183105469,493100,SNBR
4551,2018-02-05,36.130001068115234,37.11000061035156,34.72999954223633,34.7400016784668,723400,SNBR
4552,2018-02-06,34.0,36.650001525878906,33.439998626708984,35.689998626708984,1309600,SNBR
4553,2018-02-07,35.68000030517578,36.9900016784668,35.68000030517578,36.209999084472656,336700,SNBR
4554,2018-02-08,36.209999084472656,36.29999923706055,34.959999084472656,35.0,474000,SNBR
4555,2018-02-09,35.369998931884766,35.66999816894531,33.56999969482422,35.16999816894531,494400,SNBR
4556,2018-02-12,35.310001373291016,36.47999954223633,34.86000061035156,35.81999969482422,922500,SNBR
4557,2018-02-13,35.70000076293945,36.66999816894531,35.70000076293945,36.619998931884766,520000,SNBR
4558,2018-02-14,36.119998931884766,37.68000030517578,35.9900016784668,37.040000915527344,1191300,SNBR
4559,2018-02-15,37.25,37.79999923706055,36.56999969482422,36.75,1195900,SNBR
4560,2018-02-16,36.0,36.970001220703125,33.25,34.7400016784668,2494400,SNBR
4561,2018-02-20,34.2400016784668,36.189998626708984,34.099998474121094,35.369998931884766,1242500,SNBR
4562,2018-02-21,35.5099983215332,36.95000076293945,35.040000915527344,36.099998474121094,1176200,SNBR
4563,2018-02-22,35.880001068115234,36.09000015258789,34.369998931884766,34.470001220703125,841400,SNBR
4564,2018-02-23,34.7599983215332,36.369998931884766,34.7599983215332,36.11000061035156,901900,SNBR
4565,2018-02-26,36.31999969482422,36.5099983215332,35.189998626708984,35.33000183105469,625400,SNBR
4566,2018-02-27,35.459999084472656,35.91999816894531,33.97999954223633,33.9900016784668,1025300,SNBR
4567,2018-02-28,34.279998779296875,35.08000183105469,34.279998779296875,34.439998626708984,808000,SNBR
4568,2018-03-01,34.29999923706055,34.7400016784668,33.939998626708984,34.34000015258789,1083200,SNBR
4569,2018-03-02,33.959999084472656,35.25,33.72999954223633,35.02000045776367,804700,SNBR
4570,2018-03-05,34.959999084472656,36.41999816894531,34.959999084472656,36.279998779296875,755000,SNBR
4571,2018-03-06,36.33000183105469,37.470001220703125,36.33000183105469,37.119998931884766,832900,SNBR
4572,2018-03-07,36.86000061035156,37.619998931884766,36.84000015258789,37.459999084472656,723200,SNBR
4573,2018-03-08,37.61000061035156,37.93000030517578,36.970001220703125,37.790000915527344,638600,SNBR
4574,2018-03-09,38.0,38.0,36.7599983215332,36.90999984741211,622600,SNBR
4575,2018-03-12,37.150001525878906,37.41999816894531,36.349998474121094,36.58000183105469,391100,SNBR
4576,2018-03-13,37.150001525878906,37.41999816894531,36.56999969482422,36.63999938964844,402400,SNBR
4577,2018-03-14,36.91999816894531,36.91999816894531,36.150001525878906,36.47999954223633,517300,SNBR
4578,2018-03-15,36.650001525878906,37.15999984741211,35.470001220703125,35.59000015258789,421700,SNBR
4579,2018-03-16,35.47999954223633,36.529998779296875,35.47999954223633,35.83000183105469,855200,SNBR
4580,2018-03-19,35.63999938964844,35.97999954223633,34.75,35.060001373291016,396900,SNBR
4581,2018-03-20,35.02000045776367,35.63999938964844,34.349998474121094,34.54999923706055,504900,SNBR
4582,2018-03-21,34.459999084472656,35.13999938964844,34.31999969482422,34.349998474121094,442800,SNBR
4583,2018-03-22,34.09000015258789,34.54999923706055,33.779998779296875,33.869998931884766,594800,SNBR
4584,2018-03-23,34.060001373291016,34.41999816894531,33.54999923706055,33.68000030517578,411200,SNBR
4585,2018-03-26,34.15999984741211,34.7599983215332,33.84000015258789,34.630001068115234,472400,SNBR
4586,2018-03-27,34.810001373291016,34.810001373291016,34.060001373291016,34.15999984741211,513700,SNBR
4587,2018-03-28,34.099998474121094,34.880001068115234,34.029998779296875,34.790000915527344,492300,SNBR
4588,2018-03-29,34.93000030517578,35.68000030517578,34.81999969482422,35.150001525878906,621700,SNBR
4589,2018-04-02,35.04999923706055,35.38999938964844,33.619998931884766,34.0099983215332,299500,SNBR
4590,2018-04-03,34.150001525878906,34.959999084472656,34.099998474121094,34.369998931884766,421300,SNBR
4591,2018-04-04,33.900001525878906,35.08000183105469,33.900001525878906,34.939998626708984,562400,SNBR
4592,2018-04-05,35.06999969482422,35.599998474121094,35.06999969482422,35.52000045776367,435800,SNBR
4593,2018-04-06,35.34000015258789,36.11000061035156,34.58000183105469,34.880001068115234,572300,SNBR
4594,2018-04-09,35.150001525878906,35.31999969482422,34.470001220703125,34.5099983215332,256400,SNBR
4595,2018-04-10,35.15999984741211,35.599998474121094,34.790000915527344,35.540000915527344,416800,SNBR
4596,2018-04-11,35.56999969482422,35.95000076293945,34.959999084472656,35.209999084472656,269100,SNBR
4597,2018-04-12,35.31999969482422,35.33000183105469,34.79999923706055,34.93000030517578,317100,SNBR
4598,2018-04-13,35.04999923706055,35.439998626708984,34.66999816894531,34.95000076293945,303500,SNBR
4599,2018-04-16,36.34000015258789,36.59000015258789,35.02000045776367,36.5,781500,SNBR
4600,2018-04-17,36.810001373291016,37.31999969482422,36.7599983215332,36.939998626708984,812800,SNBR
4601,2018-04-18,37.0,37.16999816894531,36.369998931884766,36.5099983215332,1450800,SNBR
4602,2018-04-19,30.649999618530273,32.0,30.510000228881836,31.389999389648438,5823000,SNBR
4603,2018-04-20,30.93000030517578,30.979999542236328,29.139999389648438,30.25,2149300,SNBR
4604,2018-04-23,30.049999237060547,30.309999465942383,29.5,29.56999969482422,1655200,SNBR
4605,2018-04-24,29.780000686645508,30.059999465942383,28.709999084472656,29.239999771118164,1282000,SNBR
4606,2018-04-25,29.280000686645508,29.610000610351562,28.670000076293945,28.940000534057617,903400,SNBR
4607,2018-04-26,28.969999313354492,29.079999923706055,28.420000076293945,29.020000457763672,926200,SNBR
4608,2018-04-27,29.170000076293945,29.979999542236328,29.170000076293945,29.260000228881836,799500,SNBR
4609,2018-04-30,29.40999984741211,29.93000030517578,28.31999969482422,28.34000015258789,750500,SNBR
4610,2018-05-01,28.280000686645508,28.6299991607666,27.440000534057617,28.440000534057617,912500,SNBR
4611,2018-05-02,28.420000076293945,28.760000228881836,28.209999084472656,28.510000228881836,623000,SNBR
4612,2018-05-03,28.68000030517578,28.760000228881836,28.040000915527344,28.25,889600,SNBR
4613,2018-05-04,28.06999969482422,28.709999084472656,28.010000228881836,28.399999618530273,510100,SNBR
4614,2018-05-07,28.329999923706055,28.68000030517578,27.709999084472656,27.8799991607666,540500,SNBR
4615,2018-05-08,28.0,28.530000686645508,27.8700008392334,28.459999084472656,578800,SNBR
4616,2018-05-09,28.43000030517578,28.530000686645508,27.860000610351562,28.389999389648438,671300,SNBR
4617,2018-05-10,28.450000762939453,28.709999084472656,28.100000381469727,28.18000030517578,541800,SNBR
4618,2018-05-11,28.110000610351562,28.600000381469727,28.030000686645508,28.3799991607666,440900,SNBR
4619,2018-05-14,28.549999237060547,28.59000015258789,28.18000030517578,28.350000381469727,413800,SNBR
4620,2018-05-15,28.18000030517578,28.690000534057617,28.18000030517578,28.420000076293945,483100,SNBR
4621,2018-05-16,28.59000015258789,29.040000915527344,28.5,28.860000610351562,421400,SNBR
4622,2018-05-17,28.84000015258789,29.6299991607666,28.81999969482422,29.469999313354492,476600,SNBR
4623,2018-05-18,29.579999923706055,29.719999313354492,29.270000457763672,29.399999618530273,448000,SNBR
4624,2018-05-21,29.450000762939453,29.780000686645508,29.25,29.489999771118164,322900,SNBR
4625,2018-05-22,29.5,29.56999969482422,28.489999771118164,28.549999237060547,390500,SNBR
4626,2018-05-23,28.5,28.729999542236328,28.030000686645508,28.18000030517578,401600,SNBR
4627,2018-05-24,28.229999542236328,28.700000762939453,27.93000030517578,28.31999969482422,308600,SNBR
4628,2018-05-25,28.3799991607666,28.5,28.0,28.079999923706055,305500,SNBR
4629,2018-05-29,27.959999084472656,28.559999465942383,27.780000686645508,28.489999771118164,360800,SNBR
4630,2018-05-30,28.65999984741211,28.65999984741211,28.100000381469727,28.399999618530273,478300,SNBR
4631,2018-05-31,28.479999542236328,28.739999771118164,27.81999969482422,27.969999313354492,364000,SNBR
4632,2018-06-01,28.170000076293945,28.940000534057617,27.940000534057617,28.399999618530273,388000,SNBR
4633,2018-06-04,28.459999084472656,29.15999984741211,28.459999084472656,29.149999618530273,357200,SNBR
4634,2018-06-05,29.049999237060547,29.520000457763672,28.739999771118164,29.34000015258789,695400,SNBR
4635,2018-06-06,29.43000030517578,29.84000015258789,29.170000076293945,29.709999084472656,355900,SNBR
4636,2018-06-07,29.760000228881836,30.170000076293945,29.6200008392334,29.700000762939453,381600,SNBR
4637,2018-06-08,29.81999969482422,30.229999542236328,29.739999771118164,30.010000228881836,313800,SNBR
4638,2018-06-11,29.889999389648438,30.760000228881836,29.65999984741211,30.489999771118164,437400,SNBR
4639,2018-06-12,30.65999984741211,31.059999465942383,30.420000076293945,30.940000534057617,299500,SNBR
4640,2018-06-13,30.8700008392334,31.270000457763672,30.290000915527344,30.510000228881836,335800,SNBR
4641,2018-06-14,30.579999923706055,30.690000534057617,29.040000915527344,29.790000915527344,1008200,SNBR
4642,2018-06-15,29.389999389648438,30.190000534057617,29.09000015258789,29.790000915527344,933900,SNBR
4643,2018-06-18,29.760000228881836,30.0,29.030000686645508,29.84000015258789,520500,SNBR
4644,2018-06-19,29.600000381469727,30.75,29.489999771118164,30.68000030517578,448500,SNBR
4645,2018-06-20,30.84000015258789,31.059999465942383,29.100000381469727,30.860000610351562,280500,SNBR
4646,2018-06-21,30.860000610351562,31.549999237060547,30.739999771118164,31.020000457763672,331500,SNBR
4647,2018-06-22,31.079999923706055,31.329999923706055,30.15999984741211,30.280000686645508,458300,SNBR
4648,2018-06-25,30.190000534057617,30.209999084472656,29.530000686645508,30.059999465942383,350400,SNBR
4649,2018-06-26,30.149999618530273,30.6299991607666,29.969999313354492,30.469999313354492,358300,SNBR
4650,2018-06-27,30.40999984741211,30.6200008392334,29.459999084472656,29.510000228881836,423200,SNBR
4651,2018-06-28,29.520000457763672,30.139999389648438,29.389999389648438,29.81999969482422,495200,SNBR
4652,2018-06-29,29.75,30.25,29.0,29.020000457763672,571800,SNBR
4653,2018-07-02,28.959999084472656,30.3700008392334,28.610000610351562,29.850000381469727,557400,SNBR
4654,2018-07-03,29.860000610351562,30.530000686645508,29.670000076293945,30.040000915527344,320700,SNBR
4655,2018-07-05,30.200000762939453,30.760000228881836,29.850000381469727,30.700000762939453,418000,SNBR
4656,2018-07-06,30.65999984741211,31.360000610351562,30.459999084472656,31.030000686645508,410400,SNBR
4657,2018-07-09,31.239999771118164,31.3799991607666,31.0,31.209999084472656,355000,SNBR
4658,2018-07-10,31.389999389648438,31.40999984741211,30.079999923706055,30.1299991607666,345300,SNBR
4659,2018-07-11,30.0,30.239999771118164,29.450000762939453,29.8799991607666,281700,SNBR
4660,2018-07-12,29.979999542236328,29.989999771118164,29.399999618530273,29.799999237060547,249000,SNBR
4661,2018-07-13,29.780000686645508,30.25,29.5,30.110000610351562,525800,SNBR
4662,2018-07-16,30.149999618530273,30.770000457763672,30.010000228881836,30.209999084472656,342800,SNBR
4663,2018-07-17,30.049999237060547,30.809999465942383,29.440000534057617,30.389999389648438,424500,SNBR
4664,2018-07-18,30.389999389648438,30.59000015258789,30.100000381469727,30.399999618530273,339100,SNBR
4665,2018-07-19,30.190000534057617,31.479999542236328,30.190000534057617,31.309999465942383,534500,SNBR
4666,2018-07-20,31.309999465942383,31.799999237060547,30.559999465942383,31.3700008392334,308600,SNBR
4667,2018-07-23,31.280000686645508,32.220001220703125,31.040000915527344,32.099998474121094,503900,SNBR
4668,2018-07-24,32.66999816894531,32.66999816894531,30.81999969482422,31.309999465942383,837600,SNBR
4669,2018-07-25,31.25,31.75,30.450000762939453,30.979999542236328,1404400,SNBR
4670,2018-07-26,27.950000762939453,30.0,27.110000610351562,29.329999923706055,2249300,SNBR
4671,2018-07-27,29.079999923706055,29.219999313354492,26.219999313354492,27.139999389648438,1695400,SNBR
4672,2018-07-30,27.329999923706055,28.049999237060547,27.290000915527344,27.889999389648438,794400,SNBR
4673,2018-07-31,28.0,29.020000457763672,27.90999984741211,28.489999771118164,978600,SNBR
4674,2018-08-01,28.489999771118164,28.829999923706055,28.110000610351562,28.440000534057617,548700,SNBR
4675,2018-08-02,28.31999969482422,28.809999465942383,28.25,28.68000030517578,545200,SNBR
4676,2018-08-03,28.600000381469727,29.420000076293945,28.559999465942383,28.8799991607666,688600,SNBR
4677,2018-08-06,28.780000686645508,29.530000686645508,28.479999542236328,29.489999771118164,595200,SNBR
4678,2018-08-07,28.780000686645508,30.860000610351562,28.780000686645508,30.579999923706055,897000,SNBR
4679,2018-08-08,30.6200008392334,31.3799991607666,30.299999237060547,30.959999084472656,606200,SNBR
4680,2018-08-09,30.899999618530273,31.350000381469727,30.420000076293945,30.639999389648438,368600,SNBR
4681,2018-08-10,30.610000610351562,31.15999984741211,30.43000030517578,30.93000030517578,302100,SNBR
4682,2018-08-13,31.0,31.739999771118164,30.989999771118164,31.459999084472656,522900,SNBR
4683,2018-08-14,31.579999923706055,32.33000183105469,31.520000457763672,32.130001068115234,494700,SNBR
4684,2018-08-15,31.950000762939453,31.950000762939453,30.860000610351562,31.020000457763672,452000,SNBR
4685,2018-08-16,31.270000457763672,31.579999923706055,30.860000610351562,31.010000228881836,454300,SNBR
4686,2018-08-17,30.93000030517578,31.209999084472656,30.450000762939453,31.1200008392334,584300,SNBR
4687,2018-08-20,31.299999237060547,31.700000762939453,30.780000686645508,31.100000381469727,716300,SNBR
4688,2018-08-21,31.100000381469727,32.16999816894531,31.100000381469727,31.93000030517578,637400,SNBR
4689,2018-08-22,32.08000183105469,32.720001220703125,31.799999237060547,32.189998626708984,560200,SNBR
4690,2018-08-23,32.150001525878906,32.599998474121094,31.84000015258789,32.5099983215332,506500,SNBR
4691,2018-08-24,32.709999084472656,32.75,32.150001525878906,32.56999969482422,224500,SNBR
4692,2018-08-27,32.59000015258789,32.59000015258789,31.799999237060547,32.130001068115234,474300,SNBR
4693,2018-08-28,32.189998626708984,33.0,31.899999618530273,32.88999938964844,625700,SNBR
4694,2018-08-29,33.0,33.02000045776367,32.209999084472656,32.88999938964844,435900,SNBR
4695,2018-08-30,32.75,33.54999923706055,32.4900016784668,33.349998474121094,667000,SNBR
4696,2018-08-31,33.150001525878906,33.810001373291016,33.060001373291016,33.70000076293945,411000,SNBR
4697,2018-09-04,33.7599983215332,34.439998626708984,33.599998474121094,34.310001373291016,392200,SNBR
4698,2018-09-05,34.529998779296875,34.81999969482422,33.939998626708984,34.45000076293945,1135600,SNBR
4699,2018-09-06,34.58000183105469,34.58000183105469,33.84000015258789,33.91999816894531,367500,SNBR
4700,2018-09-07,33.90999984741211,34.560001373291016,33.5,34.45000076293945,909600,SNBR
4701,2018-09-10,34.75,36.33000183105469,34.11000061035156,36.22999954223633,409500,SNBR
4702,2018-09-11,36.22999954223633,37.56999969482422,35.75,37.38999938964844,407500,SNBR
4703,2018-09-12,37.18000030517578,37.959999084472656,36.5,37.470001220703125,459000,SNBR
4704,2018-09-13,37.75,37.869998931884766,37.220001220703125,37.4900016784668,302000,SNBR
4705,2018-09-14,37.27000045776367,37.59000015258789,37.09000015258789,37.29999923706055,400200,SNBR
4706,2018-09-17,37.47999954223633,37.47999954223633,35.900001525878906,36.790000915527344,394000,SNBR
4707,2018-09-18,36.81999969482422,37.45000076293945,35.560001373291016,37.2599983215332,295800,SNBR
4708,2018-09-19,37.29999923706055,38.099998474121094,35.900001525878906,36.880001068115234,371000,SNBR
4709,2018-09-20,37.06999969482422,37.11000061035156,36.060001373291016,36.810001373291016,388700,SNBR
4710,2018-09-21,36.79999923706055,37.5,36.4900016784668,36.56999969482422,790900,SNBR
4711,2018-09-24,36.59000015258789,36.59000015258789,35.81999969482422,36.220001220703125,257400,SNBR
4712,2018-09-25,36.209999084472656,36.7599983215332,36.060001373291016,36.34000015258789,256900,SNBR
4713,2018-09-26,36.459999084472656,37.25,36.33000183105469,36.41999816894531,335600,SNBR
4714,2018-09-27,36.40999984741211,36.939998626708984,35.97999954223633,36.459999084472656,267600,SNBR
4715,2018-09-28,36.40999984741211,37.439998626708984,36.349998474121094,36.779998779296875,477000,SNBR
4716,2018-10-01,36.38999938964844,36.560001373291016,35.189998626708984,35.33000183105469,500700,SNBR
4717,2018-10-02,35.43000030517578,35.81999969482422,34.61000061035156,34.75,603600,SNBR
4718,2018-10-03,35.20000076293945,36.540000915527344,34.86000061035156,36.4900016784668,672900,SNBR
4719,2018-10-04,35.93000030517578,36.290000915527344,35.790000915527344,36.15999984741211,525700,SNBR
4720,2018-10-05,36.34000015258789,36.40999984741211,35.5099983215332,35.93000030517578,549700,SNBR
4721,2018-10-08,35.72999954223633,36.099998474121094,35.290000915527344,35.54999923706055,548600,SNBR
4722,2018-10-09,35.40999984741211,35.40999984741211,33.099998474121094,33.16999816894531,675600,SNBR
4723,2018-10-10,33.20000076293945,33.720001220703125,32.7400016784668,32.939998626708984,661000,SNBR
4724,2018-10-11,32.77000045776367,33.4900016784668,31.510000228881836,31.6200008392334,1082700,SNBR
4725,2018-10-12,32.040000915527344,32.61000061035156,31.639999389648438,32.400001525878906,482900,SNBR
4726,2018-10-15,32.47999954223633,33.16999816894531,31.959999084472656,32.720001220703125,462000,SNBR
4727,2018-10-16,33.02000045776367,33.70000076293945,32.470001220703125,33.619998931884766,311200,SNBR
4728,2018-10-17,33.61000061035156,33.959999084472656,32.939998626708984,33.560001373291016,396000,SNBR
4729,2018-10-18,33.33000183105469,33.9900016784668,32.369998931884766,32.959999084472656,382700,SNBR
4730,2018-10-19,32.939998626708984,33.400001525878906,31.90999984741211,31.979999542236328,354100,SNBR
4731,2018-10-22,32.20000076293945,32.630001068115234,32.0099983215332,32.27000045776367,360200,SNBR
4732,2018-10-23,31.850000381469727,32.93000030517578,31.309999465942383,32.540000915527344,645800,SNBR
4733,2018-10-24,32.540000915527344,33.20000076293945,30.440000534057617,30.56999969482422,1118100,SNBR
4734,2018-10-25,34.02000045776367,37.45000076293945,33.43000030517578,36.15999984741211,2820600,SNBR
4735,2018-10-26,35.689998626708984,36.47999954223633,33.7400016784668,34.029998779296875,1534700,SNBR
4736,2018-10-29,34.650001525878906,36.970001220703125,34.439998626708984,35.849998474121094,1184600,SNBR
4737,2018-10-30,35.619998931884766,37.40999984741211,35.619998931884766,37.02000045776367,814700,SNBR
4738,2018-10-31,37.38999938964844,37.91999816894531,36.099998474121094,36.369998931884766,1098700,SNBR
4739,2018-11-01,36.189998626708984,37.88999938964844,34.81999969482422,37.83000183105469,970400,SNBR
4740,2018-11-02,37.849998474121094,39.369998931884766,37.09000015258789,39.290000915527344,795900,SNBR
4741,2018-11-05,39.290000915527344,39.75,38.09000015258789,38.31999969482422,647200,SNBR
4742,2018-11-06,38.38999938964844,39.47999954223633,37.040000915527344,39.290000915527344,546500,SNBR
4743,2018-11-07,39.29999923706055,39.380001068115234,37.689998626708984,38.900001525878906,467300,SNBR
4744,2018-11-08,38.61000061035156,40.68000030517578,38.5099983215332,40.310001373291016,621100,SNBR
4745,2018-11-09,40.0,41.04999923706055,39.02000045776367,39.36000061035156,453100,SNBR
4746,2018-11-12,39.4900016784668,40.279998779296875,37.709999084472656,37.7599983215332,641100,SNBR
4747,2018-11-13,37.91999816894531,38.65999984741211,36.7599983215332,37.95000076293945,469400,SNBR
4748,2018-11-14,38.540000915527344,39.0,37.400001525878906,37.650001525878906,390400,SNBR
4749,2018-11-15,37.279998779296875,38.400001525878906,37.150001525878906,38.09000015258789,444800,SNBR
4750,2018-11-16,37.72999954223633,39.40999984741211,37.72999954223633,38.4900016784668,505000,SNBR
4751,2018-11-19,38.459999084472656,39.13999938964844,37.40999984741211,38.13999938964844,597200,SNBR
4752,2018-11-20,37.310001373291016,37.4900016784668,36.02000045776367,36.15999984741211,538200,SNBR
4753,2018-11-21,36.650001525878906,37.06999969482422,35.97999954223633,36.470001220703125,310600,SNBR
4754,2018-11-23,36.02000045776367,37.54999923706055,36.02000045776367,36.619998931884766,293100,SNBR
4755,2018-11-26,37.0,38.70000076293945,36.540000915527344,37.959999084472656,700000,SNBR
4756,2018-11-27,37.599998474121094,38.290000915527344,36.95000076293945,37.2400016784668,398200,SNBR
4757,2018-11-28,37.310001373291016,38.900001525878906,36.959999084472656,38.689998626708984,433900,SNBR
4758,2018-11-29,38.650001525878906,39.34000015258789,38.0099983215332,38.84000015258789,453600,SNBR
4759,2018-11-30,38.560001373291016,39.209999084472656,37.86000061035156,38.34000015258789,475800,SNBR
4760,2018-12-03,38.93000030517578,39.79999923706055,38.77000045776367,39.470001220703125,502000,SNBR
4761,2018-12-04,39.40999984741211,39.77000045776367,36.29999923706055,36.59000015258789,479800,SNBR
4762,2018-12-06,36.0,37.75,35.34000015258789,37.720001220703125,509100,SNBR
4763,2018-12-07,37.529998779296875,37.9900016784668,36.650001525878906,36.970001220703125,377800,SNBR
4764,2018-12-10,37.02000045776367,37.5099983215332,35.959999084472656,36.22999954223633,633100,SNBR
4765,2018-12-11,37.189998626708984,37.209999084472656,35.189998626708984,35.560001373291016,532800,SNBR
4766,2018-12-12,36.380001068115234,36.5099983215332,35.36000061035156,36.02000045776367,444200,SNBR
4767,2018-12-13,36.0,36.029998779296875,34.54999923706055,34.790000915527344,347600,SNBR
4768,2018-12-14,34.5,35.349998474121094,32.959999084472656,33.0,598500,SNBR
4769,2018-12-17,32.689998626708984,34.0099983215332,32.08000183105469,32.630001068115234,1095500,SNBR
4770,2018-12-18,33.27000045776367,33.97999954223633,32.45000076293945,33.0,732400,SNBR
4771,2018-12-19,32.970001220703125,33.560001373291016,31.899999618530273,32.290000915527344,516300,SNBR
4772,2018-12-20,32.20000076293945,33.27000045776367,31.799999237060547,32.72999954223633,551200,SNBR
4773,2018-12-21,32.63999938964844,34.029998779296875,31.389999389648438,31.790000915527344,1540200,SNBR
4774,2018-12-24,31.469999313354492,31.790000915527344,30.860000610351562,30.899999618530273,293200,SNBR
4775,2018-12-26,31.670000076293945,33.779998779296875,31.0,33.4900016784668,589100,SNBR
4776,2018-12-27,32.5,33.060001373291016,31.469999313354492,32.93000030517578,399600,SNBR
4777,2018-12-28,33.08000183105469,33.349998474121094,31.3700008392334,32.130001068115234,830800,SNBR
4778,2018-12-31,32.380001068115234,32.380001068115234,30.84000015258789,31.729999542236328,542000,SNBR
4779,2019-01-02,31.06999969482422,32.47999954223633,30.700000762939453,31.979999542236328,648200,SNBR
4780,2019-01-03,31.8799991607666,32.34000015258789,31.079999923706055,31.329999923706055,364100,SNBR
4781,2019-01-04,31.969999313354492,32.939998626708984,31.450000762939453,32.63999938964844,523500,SNBR
4782,2019-01-07,32.25,33.459999084472656,31.920000076293945,32.630001068115234,412300,SNBR
4783,2019-01-08,33.130001068115234,34.459999084472656,32.560001373291016,34.09000015258789,423300,SNBR
4784,2019-01-09,34.13999938964844,35.91999816894531,34.13999938964844,34.790000915527344,934600,SNBR
4785,2019-01-10,34.18000030517578,34.61000061035156,33.5,34.29999923706055,447500,SNBR
4786,2019-01-11,34.099998474121094,34.5099983215332,33.560001373291016,33.790000915527344,449200,SNBR
4787,2019-01-14,33.65999984741211,34.7400016784668,33.2400016784668,34.43000030517578,363900,SNBR
4788,2019-01-15,34.34000015258789,35.369998931884766,33.41999816894531,33.93000030517578,479600,SNBR
4789,2019-01-16,34.0,35.470001220703125,34.0,34.810001373291016,276500,SNBR
4790,2019-01-17,34.36000061035156,35.7400016784668,34.29999923706055,35.72999954223633,371300,SNBR
4791,2019-01-18,35.75,36.52000045776367,35.56999969482422,35.970001220703125,464900,SNBR
4792,2019-01-22,35.779998779296875,36.0,33.779998779296875,34.2400016784668,498600,SNBR
4793,2019-01-23,34.4900016784668,35.130001068115234,33.619998931884766,33.810001373291016,535000,SNBR
4794,2019-01-24,33.560001373291016,35.06999969482422,33.52000045776367,34.86000061035156,288600,SNBR
4795,2019-01-25,35.349998474121094,36.119998931884766,35.119998931884766,35.560001373291016,277400,SNBR
4796,2019-01-28,34.849998474121094,35.90999984741211,34.290000915527344,35.33000183105469,328000,SNBR
4797,2019-01-29,35.08000183105469,35.400001525878906,34.34000015258789,35.150001525878906,326500,SNBR
4798,2019-01-30,35.52000045776367,35.869998931884766,34.66999816894531,35.79999923706055,496200,SNBR
4799,2019-01-31,35.68000030517578,36.45000076293945,35.34000015258789,36.0,469600,SNBR
4800,2019-02-01,36.02000045776367,36.060001373291016,35.040000915527344,35.27000045776367,456700,SNBR
4801,2019-02-04,35.38999938964844,36.060001373291016,35.310001373291016,36.029998779296875,641700,SNBR
4802,2019-02-05,36.040000915527344,37.06999969482422,35.779998779296875,36.79999923706055,572800,SNBR
4803,2019-02-06,36.869998931884766,36.88999938964844,35.0099983215332,35.040000915527344,413100,SNBR
4804,2019-02-07,35.040000915527344,35.27000045776367,34.36000061035156,35.130001068115234,561900,SNBR
4805,2019-02-08,34.970001220703125,35.709999084472656,34.02000045776367,34.689998626708984,510400,SNBR
4806,2019-02-11,34.689998626708984,35.38999938964844,34.41999816894531,34.70000076293945,321400,SNBR
4807,2019-02-12,34.72999954223633,35.66999816894531,34.72999954223633,35.52000045776367,538600,SNBR
4808,2019-02-13,35.970001220703125,36.560001373291016,34.880001068115234,35.86000061035156,1363900,SNBR
4809,2019-02-14,40.5099983215332,42.900001525878906,39.31999969482422,41.130001068115234,4226100,SNBR
4810,2019-02-15,41.529998779296875,43.18000030517578,40.7599983215332,43.06999969482422,1386300,SNBR
4811,2019-02-19,42.2400016784668,44.22999954223633,41.65999984741211,43.84000015258789,1235100,SNBR
4812,2019-02-20,43.79999923706055,44.0,43.369998931884766,43.45000076293945,1265300,SNBR
4813,2019-02-21,44.0,44.38999938964844,42.79999923706055,43.08000183105469,877100,SNBR
4814,2019-02-22,43.09000015258789,43.88999938964844,43.09000015258789,43.619998931884766,1275900,SNBR
4815,2019-02-25,43.790000915527344,43.93000030517578,43.279998779296875,43.61000061035156,816900,SNBR
4816,2019-02-26,43.599998474121094,44.09000015258789,43.599998474121094,43.79999923706055,929900,SNBR
4817,2019-02-27,43.75,44.560001373291016,43.5,43.560001373291016,523500,SNBR
4818,2019-02-28,43.43000030517578,43.959999084472656,43.22999954223633,43.650001525878906,552200,SNBR
4819,2019-03-01,44.33000183105469,44.93000030517578,43.95000076293945,44.09000015258789,823400,SNBR
4820,2019-03-04,44.150001525878906,45.970001220703125,43.72999954223633,45.720001220703125,907900,SNBR
4821,2019-03-05,45.72999954223633,46.599998474121094,45.279998779296875,46.290000915527344,556600,SNBR
4822,2019-03-06,46.29999923706055,46.75,46.0,46.16999816894531,603400,SNBR
4823,2019-03-07,46.04999923706055,46.11000061035156,45.33000183105469,45.77000045776367,477800,SNBR
4824,2019-03-08,45.459999084472656,46.33000183105469,45.0099983215332,45.88999938964844,480300,SNBR
4825,2019-03-11,45.900001525878906,47.20000076293945,45.88999938964844,47.119998931884766,546800,SNBR
4826,2019-03-12,47.119998931884766,47.470001220703125,46.15999984741211,47.2400016784668,483600,SNBR
4827,2019-03-13,47.63999938964844,48.2400016784668,47.150001525878906,47.61000061035156,584200,SNBR
4828,2019-03-14,47.58000183105469,47.599998474121094,46.81999969482422,47.459999084472656,361100,SNBR
4829,2019-03-15,47.630001068115234,47.97999954223633,46.9900016784668,47.189998626708984,771300,SNBR
4830,2019-03-18,47.20000076293945,48.119998931884766,46.81999969482422,47.779998779296875,495800,SNBR
4831,2019-03-19,48.11000061035156,48.279998779296875,47.279998779296875,47.470001220703125,527200,SNBR
4832,2019-03-20,47.63999938964844,48.0099983215332,46.45000076293945,46.68000030517578,488600,SNBR
4833,2019-03-21,46.650001525878906,48.349998474121094,46.650001525878906,47.81999969482422,502300,SNBR
4834,2019-03-22,47.72999954223633,48.2599983215332,45.88999938964844,45.93000030517578,517900,SNBR
4835,2019-03-25,45.720001220703125,47.2400016784668,45.209999084472656,46.7599983215332,423500,SNBR
4836,2019-03-26,47.25,47.779998779296875,46.869998931884766,47.40999984741211,409500,SNBR
4837,2019-03-27,47.4900016784668,48.13999938964844,47.20000076293945,47.38999938964844,530900,SNBR
4838,2019-03-28,47.560001373291016,48.29999923706055,47.43000030517578,47.88999938964844,417200,SNBR
4839,2019-03-29,48.310001373291016,49.20000076293945,46.810001373291016,47.0,618000,SNBR
4840,2019-04-01,47.279998779296875,47.72999954223633,45.75,46.0099983215332,682400,SNBR
4841,2019-04-02,45.88999938964844,46.7599983215332,45.54999923706055,46.189998626708984,539200,SNBR
4842,2019-04-03,46.650001525878906,47.27000045776367,46.400001525878906,46.83000183105469,409500,SNBR
4843,2019-04-04,46.869998931884766,47.599998474121094,46.41999816894531,47.369998931884766,403400,SNBR
4844,2019-04-05,47.56999969482422,48.25,47.16999816894531,48.08000183105469,710400,SNBR
4845,2019-04-08,47.90999984741211,47.93000030517578,47.119998931884766,47.83000183105469,401900,SNBR
4846,2019-04-09,47.58000183105469,49.560001373291016,47.58000183105469,47.93000030517578,475300,SNBR
4847,2019-04-10,48.290000915527344,49.15999984741211,48.20000076293945,48.86000061035156,523900,SNBR
4848,2019-04-11,48.97999954223633,49.189998626708984,48.56999969482422,48.77000045776367,429900,SNBR
4849,2019-04-12,48.75,49.0,48.20000076293945,48.779998779296875,545000,SNBR
4850,2019-04-15,48.7599983215332,48.970001220703125,48.119998931884766,48.209999084472656,570500,SNBR
4851,2019-04-16,48.20000076293945,48.83000183105469,47.209999084472656,48.81999969482422,664100,SNBR
4852,2019-04-17,48.849998474121094,49.220001220703125,47.959999084472656,48.029998779296875,1463600,SNBR
4853,2019-04-18,41.650001525878906,42.40999984741211,38.5,39.15999984741211,5263500,SNBR
4854,2019-04-22,38.58000183105469,40.040000915527344,36.06999969482422,36.52000045776367,2660400,SNBR
4855,2019-04-23,36.65999984741211,38.5099983215332,36.369998931884766,37.36000061035156,1575800,SNBR
4856,2019-04-24,37.36000061035156,37.459999084472656,36.119998931884766,36.150001525878906,767200,SNBR
4857,2019-04-25,36.150001525878906,36.27000045776367,34.869998931884766,35.20000076293945,671700,SNBR
4858,2019-04-26,35.310001373291016,35.709999084472656,34.13999938964844,35.599998474121094,817700,SNBR
4859,2019-04-29,35.70000076293945,35.959999084472656,35.029998779296875,35.540000915527344,798800,SNBR
4860,2019-04-30,35.5099983215332,36.0099983215332,34.630001068115234,34.79999923706055,665800,SNBR
4861,2019-05-01,35.0,35.540000915527344,34.63999938964844,35.290000915527344,666000,SNBR
4862,2019-05-02,34.779998779296875,36.040000915527344,34.68000030517578,35.540000915527344,647200,SNBR
4863,2019-05-03,35.97999954223633,36.099998474121094,34.86000061035156,35.59000015258789,633300,SNBR
4864,2019-05-06,34.689998626708984,35.689998626708984,34.58000183105469,35.58000183105469,433600,SNBR
4865,2019-05-07,35.09000015258789,35.619998931884766,34.15999984741211,34.56999969482422,787300,SNBR
4866,2019-05-08,34.54999923706055,34.81999969482422,34.18000030517578,34.25,479600,SNBR
4867,2019-05-09,34.0,35.38999938964844,33.790000915527344,35.13999938964844,670400,SNBR
4868,2019-05-10,34.880001068115234,35.34000015258789,34.439998626708984,34.959999084472656,449400,SNBR
4869,2019-05-13,34.130001068115234,34.290000915527344,33.2400016784668,33.689998626708984,753900,SNBR
4870,2019-05-14,33.95000076293945,34.349998474121094,33.40999984741211,34.11000061035156,396500,SNBR
4871,2019-05-15,33.650001525878906,34.400001525878906,33.40999984741211,34.22999954223633,293800,SNBR
4872,2019-05-16,34.47999954223633,34.77000045776367,33.790000915527344,34.099998474121094,448300,SNBR
4873,2019-05-17,33.779998779296875,34.5,33.72999954223633,33.7400016784668,317400,SNBR
4874,2019-05-20,33.38999938964844,33.86000061035156,33.18000030517578,33.540000915527344,384600,SNBR
4875,2019-05-21,33.650001525878906,34.380001068115234,33.5,34.11000061035156,311700,SNBR
4876,2019-05-22,33.4900016784668,34.209999084472656,33.22999954223633,33.459999084472656,251300,SNBR
4877,2019-05-23,33.15999984741211,33.349998474121094,32.529998779296875,32.86000061035156,363400,SNBR
4878,2019-05-24,33.5099983215332,34.41999816894531,33.189998626708984,34.18000030517578,375700,SNBR
4879,2019-05-28,34.31999969482422,35.91999816894531,34.279998779296875,34.65999984741211,562000,SNBR
4880,2019-05-29,34.349998474121094,34.70000076293945,33.90999984741211,34.4900016784668,442000,SNBR
4881,2019-05-30,34.529998779296875,35.70000076293945,34.529998779296875,34.869998931884766,317100,SNBR
4882,2019-05-31,34.41999816894531,34.9900016784668,34.119998931884766,34.810001373291016,428600,SNBR
4883,2019-06-03,34.970001220703125,36.20000076293945,34.880001068115234,36.13999938964844,655000,SNBR
4884,2019-06-04,36.66999816894531,38.40999984741211,36.650001525878906,38.36000061035156,739000,SNBR
4885,2019-06-05,38.599998474121094,38.61000061035156,37.27000045776367,38.0,519000,SNBR
4886,2019-06-06,38.15999984741211,38.38999938964844,37.27000045776367,37.66999816894531,464500,SNBR
4887,2019-06-07,38.02000045776367,38.150001525878906,37.16999816894531,37.470001220703125,439200,SNBR
4888,2019-06-10,37.689998626708984,38.619998931884766,37.439998626708984,37.61000061035156,264000,SNBR
4889,2019-06-11,37.869998931884766,37.88999938964844,36.599998474121094,37.09000015258789,415500,SNBR
4890,2019-06-12,37.11000061035156,37.75,36.880001068115234,37.43000030517578,253200,SNBR
4891,2019-06-13,37.56999969482422,38.16999816894531,37.36000061035156,38.06999969482422,304600,SNBR
4892,2019-06-14,38.13999938964844,38.41999816894531,37.709999084472656,38.33000183105469,323800,SNBR
4893,2019-06-17,38.2599983215332,38.79999923706055,37.9900016784668,38.689998626708984,355700,SNBR
4894,2019-06-18,38.689998626708984,38.81999969482422,37.90999984741211,38.290000915527344,488700,SNBR
4895,2019-06-19,38.45000076293945,38.91999816894531,37.880001068115234,38.72999954223633,322300,SNBR
4896,2019-06-20,39.08000183105469,39.939998626708984,38.880001068115234,39.5,482000,SNBR
4897,2019-06-21,39.310001373291016,39.7400016784668,38.310001373291016,39.34000015258789,502900,SNBR
4898,2019-06-24,39.54999923706055,39.66999816894531,38.189998626708984,38.279998779296875,388900,SNBR
4899,2019-06-25,38.2400016784668,38.9900016784668,37.959999084472656,38.209999084472656,369900,SNBR
4900,2019-06-26,38.349998474121094,38.599998474121094,37.56999969482422,37.599998474121094,381800,SNBR
4901,2019-06-27,37.970001220703125,39.22999954223633,37.84000015258789,39.09000015258789,319400,SNBR
4902,2019-06-28,38.93000030517578,40.68000030517578,38.75,40.38999938964844,830500,SNBR
4903,2019-07-01,40.630001068115234,41.279998779296875,40.43000030517578,40.95000076293945,458600,SNBR
4904,2019-07-02,40.709999084472656,40.790000915527344,40.0,40.41999816894531,422200,SNBR
4905,2019-07-03,40.61000061035156,40.72999954223633,40.189998626708984,40.40999984741211,165200,SNBR
4906,2019-07-05,40.380001068115234,41.189998626708984,40.349998474121094,40.790000915527344,314400,SNBR
4907,2019-07-08,40.68000030517578,41.040000915527344,39.81999969482422,40.18000030517578,316500,SNBR
4908,2019-07-09,40.099998474121094,40.470001220703125,39.81999969482422,40.09000015258789,312700,SNBR
4909,2019-07-10,40.43000030517578,40.689998626708984,39.439998626708984,40.400001525878906,350300,SNBR
4910,2019-07-11,40.54999923706055,41.61000061035156,40.099998474121094,41.439998626708984,400200,SNBR
4911,2019-07-12,41.5,41.9900016784668,41.369998931884766,41.380001068115234,351300,SNBR
4912,2019-07-15,41.560001373291016,41.880001068115234,40.88999938964844,41.31999969482422,333400,SNBR
4913,2019-07-16,41.38999938964844,42.34000015258789,41.38999938964844,42.0,603700,SNBR
4914,2019-07-17,41.9900016784668,41.9900016784668,41.18000030517578,41.25,363500,SNBR
4915,2019-07-18,41.130001068115234,41.900001525878906,40.81999969482422,41.75,312500,SNBR
4916,2019-07-19,41.65999984741211,41.95000076293945,40.099998474121094,40.150001525878906,522800,SNBR
4917,2019-07-22,40.41999816894531,40.91999816894531,40.220001220703125,40.310001373291016,427500,SNBR
4918,2019-07-23,40.25,40.959999084472656,39.459999084472656,40.790000915527344,381900,SNBR
4919,2019-07-24,40.709999084472656,41.90999984741211,40.13999938964844,41.709999084472656,559400,SNBR
4920,2019-07-25,41.59000015258789,42.599998474121094,41.56999969482422,41.77000045776367,854000,SNBR
4921,2019-07-26,47.869998931884766,49.88999938964844,46.470001220703125,49.43000030517578,3060800,SNBR
4922,2019-07-29,49.70000076293945,52.08000183105469,49.33000183105469,51.619998931884766,1462300,SNBR
4923,2019-07-30,50.88999938964844,51.16999816894531,48.91999816894531,50.47999954223633,868400,SNBR
4924,2019-07-31,50.34000015258789,51.189998626708984,48.90999984741211,49.16999816894531,709500,SNBR
4925,2019-08-01,49.09000015258789,49.54999923706055,46.369998931884766,46.689998626708984,938000,SNBR
4926,2019-08-02,46.65999984741211,47.04999923706055,44.709999084472656,45.220001220703125,775000,SNBR
4927,2019-08-05,44.369998931884766,44.540000915527344,43.290000915527344,43.970001220703125,699400,SNBR
4928,2019-08-06,44.31999969482422,44.97999954223633,43.38999938964844,44.02000045776367,555300,SNBR
4929,2019-08-07,43.68000030517578,44.40999984741211,42.599998474121094,44.22999954223633,496500,SNBR
4930,2019-08-08,44.810001373291016,45.209999084472656,43.619998931884766,44.47999954223633,507300,SNBR
4931,2019-08-09,44.47999954223633,44.84000015258789,43.779998779296875,44.040000915527344,380000,SNBR
4932,2019-08-12,43.88999938964844,44.369998931884766,43.54999923706055,43.849998474121094,506700,SNBR
4933,2019-08-13,43.66999816894531,46.060001373291016,43.66999816894531,45.720001220703125,411100,SNBR
4934,2019-08-14,45.09000015258789,45.630001068115234,44.06999969482422,44.18000030517578,333600,SNBR
4935,2019-08-15,43.9900016784668,44.439998626708984,42.650001525878906,43.310001373291016,476600,SNBR
4936,2019-08-16,43.779998779296875,44.709999084472656,43.65999984741211,44.43000030517578,332700,SNBR
4937,2019-08-19,44.04999923706055,45.08000183105469,44.04999923706055,44.58000183105469,305100,SNBR
4938,2019-08-20,44.709999084472656,44.88999938964844,43.90999984741211,44.0099983215332,297300,SNBR
4939,2019-08-21,44.54999923706055,45.47999954223633,43.90999984741211,45.34000015258789,325600,SNBR
4940,2019-08-22,45.400001525878906,45.900001525878906,44.16999816894531,44.25,331500,SNBR
4941,2019-08-23,43.380001068115234,44.31999969482422,42.09000015258789,42.2599983215332,395800,SNBR
4942,2019-08-26,42.5099983215332,42.72999954223633,41.40999984741211,41.58000183105469,385000,SNBR
4943,2019-08-27,41.790000915527344,42.27000045776367,41.54999923706055,41.83000183105469,359400,SNBR
4944,2019-08-28,41.790000915527344,42.939998626708984,41.41999816894531,42.5,281100,SNBR
4945,2019-08-29,42.06999969482422,43.0099983215332,41.900001525878906,42.279998779296875,298100,SNBR
4946,2019-08-30,42.650001525878906,44.310001373291016,41.79999923706055,41.84000015258789,218600,SNBR
4947,2019-09-03,41.34000015258789,41.439998626708984,40.31999969482422,40.40999984741211,534000,SNBR
4948,2019-09-04,40.83000183105469,40.83000183105469,37.75,38.88999938964844,862100,SNBR
4949,2019-09-05,39.40999984741211,40.290000915527344,39.06999969482422,39.88999938964844,487600,SNBR
4950,2019-09-06,40.119998931884766,40.56999969482422,39.279998779296875,39.279998779296875,327100,SNBR
4951,2019-09-09,39.41999816894531,41.29999923706055,39.41999816894531,41.2400016784668,415900,SNBR
4952,2019-09-10,41.150001525878906,43.31999969482422,40.90999984741211,42.90999984741211,414000,SNBR
4953,2019-09-11,43.0,43.849998474121094,42.2400016784668,43.7599983215332,375900,SNBR
4954,2019-09-12,43.5,44.619998931884766,42.7599983215332,44.2400016784668,332100,SNBR
4955,2019-09-13,44.59000015258789,45.369998931884766,43.81999969482422,44.279998779296875,361200,SNBR
4956,2019-09-16,43.83000183105469,45.029998779296875,43.81999969482422,44.77000045776367,346800,SNBR
4957,2019-09-17,44.65999984741211,44.9900016784668,43.38999938964844,44.25,276000,SNBR
4958,2019-09-18,44.31999969482422,44.31999969482422,43.58000183105469,43.90999984741211,301600,SNBR
4959,2019-09-19,43.88999938964844,44.63999938964844,42.93000030517578,43.04999923706055,330400,SNBR
4960,2019-09-20,43.0,43.9900016784668,42.459999084472656,43.150001525878906,758800,SNBR
4961,2019-09-23,42.56999969482422,42.9900016784668,39.599998474121094,42.119998931884766,670100,SNBR
4962,2019-09-24,42.27000045776367,42.689998626708984,40.209999084472656,40.75,465300,SNBR
4963,2019-09-25,40.9900016784668,41.279998779296875,39.849998474121094,40.209999084472656,367700,SNBR
4964,2019-09-26,40.130001068115234,40.130001068115234,38.470001220703125,39.72999954223633,343800,SNBR
4965,2019-09-27,39.56999969482422,40.619998931884766,39.41999816894531,39.68000030517578,356200,SNBR
4966,2019-09-30,39.97999954223633,42.029998779296875,39.70000076293945,41.31999969482422,421100,SNBR
4967,2019-10-01,41.47999954223633,42.56999969482422,40.630001068115234,40.68000030517578,377800,SNBR
4968,2019-10-02,40.5099983215332,40.7400016784668,38.20000076293945,39.34000015258789,414100,SNBR
4969,2019-10-03,39.349998474121094,40.630001068115234,39.189998626708984,40.529998779296875,566400,SNBR
4970,2019-10-04,40.4900016784668,41.08000183105469,40.0,40.7599983215332,494800,SNBR
4971,2019-10-07,40.52000045776367,41.83000183105469,40.15999984741211,41.4900016784668,336900,SNBR
4972,2019-10-08,41.209999084472656,41.209999084472656,40.0099983215332,40.220001220703125,330500,SNBR
4973,2019-10-09,44.79999923706055,45.380001068115234,42.0,43.459999084472656,924600,SNBR
4974,2019-10-10,43.65999984741211,44.470001220703125,43.540000915527344,43.810001373291016,404500,SNBR
4975,2019-10-11,44.7599983215332,46.619998931884766,44.7599983215332,45.9900016784668,600600,SNBR
4976,2019-10-14,45.84000015258789,46.79999923706055,45.56999969482422,46.189998626708984,702200,SNBR
4977,2019-10-15,45.900001525878906,47.880001068115234,45.689998626708984,46.86000061035156,1623200,SNBR
4978,2019-10-16,49.79999923706055,50.0,44.119998931884766,46.79999923706055,2774300,SNBR
4979,2019-10-17,47.630001068115234,49.0,46.18000030517578,48.29999923706055,790800,SNBR
4980,2019-10-18,48.2599983215332,49.7400016784668,47.099998474121094,48.72999954223633,784500,SNBR
4981,2019-10-21,49.18000030517578,49.2400016784668,47.52000045776367,47.970001220703125,439500,SNBR
4982,2019-10-22,48.060001373291016,49.16999816894531,47.790000915527344,48.31999969482422,355800,SNBR
4983,2019-10-23,48.0099983215332,48.209999084472656,46.63999938964844,47.56999969482422,385300,SNBR
4984,2019-10-24,47.459999084472656,47.720001220703125,46.52000045776367,46.83000183105469,300300,SNBR
4985,2019-10-25,46.459999084472656,47.90999984741211,46.41999816894531,47.65999984741211,358000,SNBR
4986,2019-10-28,48.0,48.970001220703125,47.849998474121094,47.959999084472656,395700,SNBR
4987,2019-10-29,47.88999938964844,48.029998779296875,47.36000061035156,47.77000045776367,251300,SNBR
4988,2019-10-30,47.90999984741211,49.060001373291016,47.279998779296875,48.939998626708984,363300,SNBR
4989,2019-10-31,48.95000076293945,49.0099983215332,47.84000015258789,48.119998931884766,355700,SNBR
4990,2019-11-01,48.310001373291016,49.0,47.939998626708984,48.43000030517578,511600,SNBR
4991,2019-11-04,49.189998626708984,49.29999923706055,47.66999816894531,48.11000061035156,448700,SNBR
4992,2019-11-05,48.22999954223633,48.779998779296875,47.2400016784668,48.63999938964844,456400,SNBR
4993,2019-11-06,48.720001220703125,49.13999938964844,47.45000076293945,48.52000045776367,326200,SNBR
4994,2019-11-07,49.0,52.150001525878906,49.0,51.2599983215332,987900,SNBR
4995,2019-11-08,51.310001373291016,51.459999084472656,47.83000183105469,48.90999984741211,656500,SNBR
4996,2019-11-11,48.380001068115234,48.83000183105469,46.619998931884766,48.349998474121094,410900,SNBR
4997,2019-11-12,48.45000076293945,49.290000915527344,47.84000015258789,48.66999816894531,233700,SNBR
4998,2019-11-13,48.209999084472656,49.029998779296875,47.040000915527344,48.5,198900,SNBR
4999,2019-11-14,48.220001220703125,48.84000015258789,48.220001220703125,48.68000030517578,207200,SNBR
5000,2019-11-15,49.16999816894531,49.540000915527344,48.47999954223633,48.630001068115234,368900,SNBR
5001,2019-11-18,48.58000183105469,49.720001220703125,48.41999816894531,49.400001525878906,227900,SNBR
5002,2019-11-19,49.209999084472656,49.209999084472656,48.34000015258789,48.599998474121094,316800,SNBR
5003,2019-11-20,48.279998779296875,49.0,47.849998474121094,48.349998474121094,310000,SNBR
5004,2019-11-21,48.5,48.560001373291016,48.0,48.150001525878906,380500,SNBR
5005,2019-11-22,48.09000015258789,49.06999969482422,48.0,48.79999923706055,263000,SNBR
5006,2019-11-25,47.81999969482422,50.130001068115234,47.81999969482422,49.93000030517578,290200,SNBR
5007,2019-11-26,49.619998931884766,50.470001220703125,49.06999969482422,49.11000061035156,250200,SNBR
5008,2019-11-27,49.11000061035156,49.349998474121094,48.189998626708984,48.56999969482422,192000,SNBR
5009,2019-11-29,48.290000915527344,48.810001373291016,48.0,48.27000045776367,158400,SNBR
5010,2019-12-02,48.20000076293945,48.349998474121094,46.81999969482422,48.029998779296875,457600,SNBR
5011,2019-12-03,47.38999938964844,47.560001373291016,45.58000183105469,46.16999816894531,363000,SNBR
5012,2019-12-04,46.630001068115234,47.470001220703125,46.459999084472656,47.34000015258789,243600,SNBR
5013,2019-12-05,47.790000915527344,48.540000915527344,47.779998779296875,48.2599983215332,232200,SNBR
5014,2019-12-06,48.849998474121094,49.779998779296875,48.84000015258789,49.369998931884766,234600,SNBR
5015,2019-12-09,49.25,50.130001068115234,48.790000915527344,49.47999954223633,297700,SNBR
5016,2019-12-10,49.33000183105469,49.34000015258789,48.70000076293945,48.970001220703125,340300,SNBR
5017,2019-12-11,49.22999954223633,49.380001068115234,48.54999923706055,49.09000015258789,138000,SNBR
5018,2019-12-12,49.040000915527344,50.4900016784668,48.970001220703125,50.150001525878906,263600,SNBR
5019,2019-12-13,50.040000915527344,50.040000915527344,47.56999969482422,49.060001373291016,288700,SNBR
5020,2019-12-16,49.36000061035156,50.290000915527344,48.97999954223633,49.18000030517578,331500,SNBR
5021,2019-12-17,49.099998474121094,49.650001525878906,48.20000076293945,48.380001068115234,279000,SNBR
5022,2019-12-18,48.4900016784668,48.90999984741211,47.04999923706055,47.939998626708984,345900,SNBR
5023,2019-12-19,48.09000015258789,48.619998931884766,47.52000045776367,48.43000030517578,271200,SNBR
5024,2019-12-20,48.5,49.15999984741211,48.04999923706055,48.880001068115234,753400,SNBR
5025,2019-12-23,49.220001220703125,49.52000045776367,47.689998626708984,47.84000015258789,343900,SNBR
5026,2019-12-24,47.93000030517578,48.63999938964844,47.63999938964844,48.54999923706055,140800,SNBR
5027,2019-12-26,48.63999938964844,48.939998626708984,48.189998626708984,48.47999954223633,103000,SNBR
5028,2019-12-27,48.68000030517578,49.970001220703125,48.380001068115234,49.59000015258789,287800,SNBR
5029,2019-12-30,49.84000015258789,49.97999954223633,48.65999984741211,49.34000015258789,356400,SNBR
5030,2019-12-31,49.09000015258789,49.900001525878906,49.060001373291016,49.2400016784668,311000,SNBR
5031,2020-01-02,49.81999969482422,49.939998626708984,47.13999938964844,47.91999816894531,332600,SNBR
5032,2020-01-03,47.119998931884766,47.439998626708984,45.529998779296875,46.77000045776367,462700,SNBR
5033,2020-01-06,46.279998779296875,46.63999938964844,45.25,46.099998474121094,425800,SNBR
5034,2020-01-07,46.08000183105469,46.08000183105469,44.68000030517578,44.880001068115234,456000,SNBR
5035,2020-01-08,44.97999954223633,46.40999984741211,44.349998474121094,46.22999954223633,528300,SNBR
5036,2020-01-09,46.279998779296875,46.75,45.95000076293945,46.130001068115234,243200,SNBR
5037,2020-01-10,46.20000076293945,47.099998474121094,45.43000030517578,46.65999984741211,249100,SNBR
5038,2020-01-13,46.720001220703125,47.31999969482422,46.209999084472656,47.18000030517578,218000,SNBR
5039,2020-01-14,46.95000076293945,48.11000061035156,46.849998474121094,47.38999938964844,387000,SNBR
5040,2020-01-15,47.310001373291016,47.900001525878906,47.0099983215332,47.41999816894531,227400,SNBR
5041,2020-01-16,47.689998626708984,48.75,46.939998626708984,48.5,345500,SNBR
5042,2020-01-17,48.79999923706055,49.119998931884766,48.16999816894531,48.560001373291016,312400,SNBR
5043,2020-01-21,48.4900016784668,49.88999938964844,48.11000061035156,49.849998474121094,413600,SNBR
5044,2020-01-22,49.849998474121094,51.79999923706055,49.70000076293945,51.13999938964844,483600,SNBR
5045,2020-01-23,50.83000183105469,53.0,50.529998779296875,52.83000183105469,563800,SNBR
5046,2020-01-24,53.029998779296875,53.59000015258789,50.84000015258789,51.61000061035156,341800,SNBR
5047,2020-01-27,50.5099983215332,51.630001068115234,49.97999954223633,50.52000045776367,336500,SNBR
5048,2020-01-28,51.02000045776367,52.689998626708984,50.189998626708984,52.560001373291016,288600,SNBR
5049,2020-01-29,52.779998779296875,53.29999923706055,51.810001373291016,51.83000183105469,228700,SNBR
5050,2020-01-30,51.4900016784668,53.38999938964844,51.41999816894531,53.31999969482422,277400,SNBR
5051,2020-01-31,53.08000183105469,53.290000915527344,51.439998626708984,51.59000015258789,247000,SNBR
5052,2020-02-03,51.689998626708984,53.810001373291016,51.689998626708984,52.79999923706055,367700,SNBR
5053,2020-02-04,53.810001373291016,54.90999984741211,52.83000183105469,54.18000030517578,279300,SNBR
5054,2020-02-05,54.869998931884766,55.18000030517578,53.7599983215332,55.04999923706055,344900,SNBR
5055,2020-02-06,55.31999969482422,55.31999969482422,54.47999954223633,54.9900016784668,206200,SNBR
5056,2020-02-07,54.66999816894531,54.66999816894531,53.099998474121094,53.25,218300,SNBR
5057,2020-02-10,53.29999923706055,54.040000915527344,52.810001373291016,53.36000061035156,315500,SNBR
5058,2020-02-11,53.65999984741211,54.40999984741211,53.20000076293945,54.18000030517578,175100,SNBR
5059,2020-02-12,54.439998626708984,56.29999923706055,53.529998779296875,55.83000183105469,292200,SNBR
5060,2020-02-13,55.45000076293945,56.9900016784668,55.279998779296875,55.88999938964844,225500,SNBR
5061,2020-02-14,55.939998626708984,56.54999923706055,55.11000061035156,55.75,372400,SNBR
5062,2020-02-18,56.02000045776367,56.66999816894531,54.939998626708984,56.22999954223633,311100,SNBR
5063,2020-02-19,56.34000015258789,56.72999954223633,54.689998626708984,56.529998779296875,490200,SNBR
5064,2020-02-20,57.0,61.0,56.79999923706055,59.720001220703125,1341700,SNBR
5065,2020-02-21,57.75,58.72999954223633,55.02000045776367,56.2599983215332,902200,SNBR
5066,2020-02-24,53.2599983215332,56.29999923706055,51.52000045776367,53.220001220703125,990400,SNBR
5067,2020-02-25,53.66999816894531,54.11000061035156,52.0,53.060001373291016,690400,SNBR
5068,2020-02-26,53.209999084472656,53.900001525878906,51.119998931884766,51.349998474121094,325900,SNBR
5069,2020-02-27,49.939998626708984,49.939998626708984,46.04999923706055,46.099998474121094,605100,SNBR
5070,2020-02-28,43.959999084472656,44.779998779296875,42.689998626708984,44.04999923706055,754000,SNBR
5071,2020-03-02,44.31999969482422,46.38999938964844,42.939998626708984,46.31999969482422,644800,SNBR
5072,2020-03-03,46.38999938964844,48.02000045776367,44.9900016784668,45.790000915527344,463800,SNBR
5073,2020-03-04,47.349998474121094,48.189998626708984,46.709999084472656,48.099998474121094,356400,SNBR
5074,2020-03-05,46.41999816894531,48.0099983215332,42.5,43.939998626708984,516200,SNBR
5075,2020-03-06,42.0099983215332,44.27000045776367,42.0099983215332,43.77000045776367,341300,SNBR
5076,2020-03-09,40.439998626708984,40.7400016784668,37.540000915527344,38.72999954223633,815300,SNBR
5077,2020-03-10,40.4900016784668,42.13999938964844,38.81999969482422,41.95000076293945,805700,SNBR
5078,2020-03-11,40.22999954223633,41.95000076293945,36.72999954223633,38.150001525878906,905800,SNBR
5079,2020-03-12,35.060001373291016,37.33000183105469,34.09000015258789,36.279998779296875,838600,SNBR
5080,2020-03-13,37.90999984741211,38.34000015258789,33.33000183105469,35.68000030517578,783800,SNBR
5081,2020-03-16,34.20000076293945,34.709999084472656,27.389999389648438,27.700000762939453,984200,SNBR
5082,2020-03-17,28.190000534057617,29.950000762939453,24.299999237060547,28.600000381469727,1110000,SNBR
5083,2020-03-18,27.0,27.360000610351562,22.59000015258789,24.56999969482422,1459200,SNBR
5084,2020-03-19,24.5,25.450000762939453,22.09000015258789,24.920000076293945,1179300,SNBR
5085,2020-03-20,24.079999923706055,26.360000610351562,23.59000015258789,23.739999771118164,971900,SNBR
5086,2020-03-23,23.81999969482422,25.040000915527344,22.549999237060547,23.959999084472656,751300,SNBR
5087,2020-03-24,25.0,25.360000610351562,23.059999465942383,24.709999084472656,1155600,SNBR
5088,2020-03-25,24.25,25.93000030517578,22.799999237060547,25.049999237060547,1344600,SNBR
5089,2020-03-26,25.0,25.979999542236328,24.520000457763672,25.049999237060547,1162300,SNBR
5090,2020-03-27,24.0,24.549999237060547,21.8700008392334,22.6299991607666,780200,SNBR
5091,2020-03-30,22.389999389648438,22.479999542236328,20.450000762939453,20.770000457763672,692500,SNBR
5092,2020-03-31,20.610000610351562,20.81999969482422,18.940000534057617,19.15999984741211,833600,SNBR
5093,2020-04-01,18.1200008392334,18.469999313354492,16.940000534057617,17.739999771118164,669500,SNBR
5094,2020-04-02,17.3799991607666,18.110000610351562,16.8700008392334,17.459999084472656,586200,SNBR
5095,2020-04-03,17.469999313354492,17.639999389648438,15.270000457763672,15.550000190734863,653000,SNBR
5096,2020-04-06,16.450000762939453,20.420000076293945,16.030000686645508,20.329999923706055,1069900,SNBR
5097,2020-04-07,21.969999313354492,22.700000762939453,19.93000030517578,20.729999542236328,852400,SNBR
5098,2020-04-08,20.979999542236328,26.700000762939453,20.979999542236328,26.200000762939453,1091100,SNBR
5099,2020-04-09,27.149999618530273,29.56999969482422,25.510000228881836,26.56999969482422,871500,SNBR
5100,2020-04-13,26.450000762939453,26.450000762939453,25.010000228881836,26.1200008392334,403100,SNBR
5101,2020-04-14,26.850000381469727,27.290000915527344,25.149999618530273,25.40999984741211,506800,SNBR
5102,2020-04-15,23.899999618530273,24.110000610351562,22.09000015258789,22.719999313354492,491700,SNBR
5103,2020-04-16,22.8799991607666,23.110000610351562,21.56999969482422,22.18000030517578,545800,SNBR
5104,2020-04-17,23.450000762939453,24.940000534057617,22.65999984741211,23.3799991607666,615800,SNBR
5105,2020-04-20,22.399999618530273,23.18000030517578,22.200000762939453,22.770000457763672,416900,SNBR
5106,2020-04-21,21.940000534057617,22.360000610351562,20.610000610351562,21.399999618530273,502100,SNBR
5107,2020-04-22,21.8700008392334,23.959999084472656,21.5,23.040000915527344,979800,SNBR
5108,2020-04-23,28.600000381469727,30.899999618530273,26.700000762939453,29.700000762939453,4648000,SNBR
5109,2020-04-24,30.780000686645508,31.579999923706055,28.110000610351562,28.459999084472656,1633400,SNBR
5110,2020-04-27,28.739999771118164,33.880001068115234,28.739999771118164,32.16999816894531,1665200,SNBR
5111,2020-04-28,33.869998931884766,34.2599983215332,31.190000534057617,32.029998779296875,819200,SNBR
5112,2020-04-29,33.040000915527344,33.86000061035156,31.65999984741211,31.690000534057617,575800,SNBR
5113,2020-04-30,30.75,31.6200008392334,29.450000762939453,29.899999618530273,783800,SNBR
5114,2020-05-01,28.93000030517578,29.670000076293945,28.010000228881836,29.639999389648438,432600,SNBR
5115,2020-05-04,28.649999618530273,29.940000534057617,28.299999237060547,29.540000915527344,411900,SNBR
5116,2020-05-05,30.239999771118164,30.239999771118164,28.18000030517578,28.31999969482422,386000,SNBR
5117,2020-05-06,28.860000610351562,29.850000381469727,27.850000381469727,28.860000610351562,529400,SNBR
5118,2020-05-07,29.530000686645508,31.049999237060547,29.260000228881836,30.579999923706055,475700,SNBR
5119,2020-05-08,31.5,32.15999984741211,30.510000228881836,31.729999542236328,410900,SNBR
5120,2020-05-11,30.979999542236328,33.16999816894531,30.799999237060547,32.790000915527344,482800,SNBR
5121,2020-05-12,33.27000045776367,33.630001068115234,31.8799991607666,31.969999313354492,519100,SNBR
5122,2020-05-13,31.860000610351562,32.31999969482422,29.65999984741211,29.829999923706055,475000,SNBR
5123,2020-05-14,29.059999465942383,30.459999084472656,28.0,29.479999542236328,439300,SNBR
5124,2020-05-15,29.040000915527344,29.959999084472656,29.040000915527344,29.760000228881836,381800,SNBR
5125,2020-05-18,31.3799991607666,32.5099983215332,31.360000610351562,32.04999923706055,372100,SNBR
5126,2020-05-19,31.690000534057617,31.81999969482422,30.1200008392334,30.1200008392334,268500,SNBR
5127,2020-05-20,30.6200008392334,31.440000534057617,29.520000457763672,31.440000534057617,330300,SNBR
5128,2020-05-21,31.360000610351562,32.27000045776367,30.809999465942383,31.969999313354492,173900,SNBR
5129,2020-05-22,32.0,32.470001220703125,31.06999969482422,32.36000061035156,204400,SNBR
5130,2020-05-26,34.04999923706055,34.209999084472656,33.52000045776367,33.63999938964844,262300,SNBR
5131,2020-05-27,34.88999938964844,35.220001220703125,31.739999771118164,33.34000015258789,358800,SNBR
5132,2020-05-28,33.790000915527344,34.41999816894531,31.8799991607666,32.150001525878906,716300,SNBR
5133,2020-05-29,31.639999389648438,31.90999984741211,30.43000030517578,31.170000076293945,357900,SNBR
5134,2020-06-01,31.360000610351562,32.22999954223633,30.459999084472656,31.829999923706055,403300,SNBR
5135,2020-06-02,32.279998779296875,32.65999984741211,31.270000457763672,32.33000183105469,329000,SNBR
5136,2020-06-03,32.849998474121094,34.709999084472656,32.66999816894531,34.599998474121094,376300,SNBR
5137,2020-06-04,34.400001525878906,36.689998626708984,34.099998474121094,36.220001220703125,505400,SNBR
5138,2020-06-05,38.0,40.36000061035156,37.09000015258789,39.59000015258789,736100,SNBR
5139,2020-06-08,40.459999084472656,42.2400016784668,40.43000030517578,41.58000183105469,541100,SNBR
5140,2020-06-09,40.939998626708984,42.40999984741211,40.04999923706055,41.599998474121094,451500,SNBR
5141,2020-06-10,41.5,41.5,39.41999816894531,39.619998931884766,434400,SNBR
5142,2020-06-11,36.9900016784668,38.66999816894531,36.040000915527344,36.09000015258789,593700,SNBR
5143,2020-06-12,38.2400016784668,39.0,36.099998474121094,38.25,361200,SNBR
5144,2020-06-15,36.20000076293945,39.900001525878906,36.119998931884766,39.720001220703125,455500,SNBR
5145,2020-06-16,41.90999984741211,42.2400016784668,39.77000045776367,41.380001068115234,414100,SNBR
5146,2020-06-17,41.83000183105469,43.220001220703125,40.369998931884766,42.5,558600,SNBR
5147,2020-06-18,41.88999938964844,42.9900016784668,41.220001220703125,41.790000915527344,411000,SNBR
5148,2020-06-19,43.40999984741211,43.5,38.7599983215332,39.150001525878906,788700,SNBR
5149,2020-06-22,39.40999984741211,40.58000183105469,38.66999816894531,39.75,298200,SNBR
5150,2020-06-23,40.81999969482422,41.52000045776367,39.54999923706055,41.369998931884766,376500,SNBR
5151,2020-06-24,40.939998626708984,41.599998474121094,39.400001525878906,41.150001525878906,271200,SNBR
5152,2020-06-25,40.2599983215332,43.130001068115234,40.2599983215332,43.0,474400,SNBR
5153,2020-06-26,42.91999816894531,43.5,41.0,41.22999954223633,722800,SNBR
5154,2020-06-29,42.5099983215332,44.619998931884766,42.25,42.93000030517578,457600,SNBR
5155,2020-06-30,42.560001373291016,42.63999938964844,41.0,41.63999938964844,574900,SNBR
5156,2020-07-01,41.209999084472656,42.65999984741211,40.90999984741211,41.79999923706055,490300,SNBR
5157,2020-07-02,43.02000045776367,43.439998626708984,41.599998474121094,42.06999969482422,225300,SNBR
5158,2020-07-06,43.06999969482422,45.380001068115234,43.06999969482422,45.20000076293945,666400,SNBR
5159,2020-07-07,44.709999084472656,46.709999084472656,44.029998779296875,45.720001220703125,1310700,SNBR
5160,2020-07-08,45.869998931884766,46.959999084472656,45.529998779296875,46.529998779296875,719200,SNBR
5161,2020-07-09,46.22999954223633,47.4900016784668,45.81999969482422,46.779998779296875,813500,SNBR
5162,2020-07-10,49.45000076293945,53.40999984741211,48.439998626708984,52.970001220703125,1519200,SNBR
5163,2020-07-13,53.70000076293945,53.70000076293945,49.279998779296875,49.58000183105469,798700,SNBR
5164,2020-07-14,50.150001525878906,51.79999923706055,49.400001525878906,51.72999954223633,686700,SNBR
5165,2020-07-15,52.279998779296875,54.83000183105469,52.279998779296875,53.630001068115234,1149400,SNBR
5166,2020-07-16,49.45000076293945,51.7599983215332,47.43000030517578,48.70000076293945,1564200,SNBR
5167,2020-07-17,49.15999984741211,50.75,48.369998931884766,49.040000915527344,635100,SNBR
5168,2020-07-20,48.77000045776367,49.16999816894531,44.939998626708984,46.650001525878906,1012300,SNBR
5169,2020-07-21,47.150001525878906,47.91999816894531,45.380001068115234,45.68000030517578,544700,SNBR
5170,2020-07-22,45.68000030517578,45.970001220703125,44.439998626708984,45.54999923706055,545600,SNBR
5171,2020-07-23,45.439998626708984,45.650001525878906,44.04999923706055,45.540000915527344,485800,SNBR
5172,2020-07-24,45.08000183105469,45.369998931884766,43.38999938964844,44.15999984741211,309900,SNBR
5173,2020-07-27,44.16999816894531,45.04999923706055,43.77000045776367,44.86000061035156,331500,SNBR
5174,2020-07-28,44.75,46.25,44.279998779296875,44.349998474121094,250500,SNBR
5175,2020-07-29,44.400001525878906,45.90999984741211,44.400001525878906,45.849998474121094,277900,SNBR
5176,2020-07-30,45.11000061035156,47.04999923706055,45.0,46.43000030517578,276100,SNBR
5177,2020-07-31,46.459999084472656,47.040000915527344,45.59000015258789,46.5,262700,SNBR
5178,2020-08-03,46.88999938964844,46.959999084472656,45.5,46.720001220703125,287800,SNBR
5179,2020-08-04,46.709999084472656,47.20000076293945,45.400001525878906,46.36000061035156,295600,SNBR
5180,2020-08-05,46.869998931884766,47.220001220703125,44.869998931884766,46.45000076293945,344400,SNBR
5181,2020-08-06,46.290000915527344,46.880001068115234,45.56999969482422,46.83000183105469,232000,SNBR
5182,2020-08-07,46.630001068115234,48.08000183105469,46.25,48.06999969482422,448900,SNBR
5183,2020-08-10,48.5099983215332,48.7599983215332,47.47999954223633,47.61000061035156,257600,SNBR
5184,2020-08-11,48.11000061035156,48.16999816894531,45.86000061035156,46.13999938964844,319500,SNBR
5185,2020-08-12,46.61000061035156,46.720001220703125,45.529998779296875,46.29999923706055,255300,SNBR
5186,2020-08-13,46.189998626708984,46.88999938964844,45.7599983215332,45.939998626708984,239400,SNBR
5187,2020-08-14,45.7400016784668,46.5,45.189998626708984,45.779998779296875,233200,SNBR
5188,2020-08-17,45.810001373291016,48.290000915527344,45.810001373291016,47.43000030517578,266500,SNBR
5189,2020-08-18,47.04999923706055,47.77000045776367,45.880001068115234,47.0,248000,SNBR
5190,2020-08-19,46.88999938964844,48.02000045776367,46.0,47.290000915527344,170900,SNBR
5191,2020-08-20,46.68000030517578,47.790000915527344,46.11000061035156,47.20000076293945,170300,SNBR
5192,2020-08-21,47.130001068115234,47.529998779296875,46.58000183105469,46.90999984741211,195900,SNBR
5193,2020-08-24,47.41999816894531,47.720001220703125,46.27000045776367,46.7599983215332,246300,SNBR
5194,2020-08-25,47.119998931884766,47.45000076293945,44.83000183105469,44.83000183105469,358400,SNBR
5195,2020-08-26,44.900001525878906,47.130001068115234,44.79999923706055,45.72999954223633,331700,SNBR
5196,2020-08-27,46.029998779296875,47.470001220703125,45.130001068115234,46.41999816894531,310900,SNBR
5197,2020-08-28,46.849998474121094,49.2599983215332,46.0,49.18000030517578,474300,SNBR
5198,2020-08-31,48.72999954223633,48.72999954223633,46.310001373291016,48.0,474500,SNBR
5199,2020-09-01,48.209999084472656,50.790000915527344,47.650001525878906,50.11000061035156,319400,SNBR
5200,2020-09-02,50.529998779296875,50.529998779296875,48.58000183105469,49.75,270500,SNBR
5201,2020-09-03,49.68000030517578,49.9900016784668,45.209999084472656,45.619998931884766,445600,SNBR
5202,2020-09-04,46.150001525878906,46.150001525878906,42.849998474121094,45.27000045776367,342700,SNBR
5203,2020-09-08,44.400001525878906,45.11000061035156,43.95000076293945,44.09000015258789,332700,SNBR
5204,2020-09-09,44.779998779296875,44.779998779296875,42.150001525878906,42.83000183105469,381100,SNBR
5205,2020-09-10,43.5,45.45000076293945,43.5,44.220001220703125,348000,SNBR
5206,2020-09-11,44.43000030517578,46.59000015258789,43.880001068115234,44.790000915527344,402800,SNBR
5207,2020-09-14,45.5,47.720001220703125,43.86000061035156,47.709999084472656,305800,SNBR
5208,2020-09-15,48.790000915527344,51.2400016784668,48.5099983215332,50.130001068115234,493900,SNBR
5209,2020-09-16,50.380001068115234,50.81999969482422,49.65999984741211,50.15999984741211,247500,SNBR
5210,2020-09-17,49.2400016784668,50.63999938964844,47.470001220703125,49.689998626708984,235800,SNBR
5211,2020-09-18,50.0,50.0,48.099998474121094,48.4900016784668,449300,SNBR
5212,2020-09-21,47.470001220703125,47.7400016784668,45.65999984741211,47.619998931884766,252200,SNBR
5213,2020-09-22,48.0099983215332,49.79999923706055,47.56999969482422,49.459999084472656,324500,SNBR
5214,2020-09-23,49.310001373291016,50.369998931884766,47.5099983215332,47.720001220703125,208900,SNBR
5215,2020-09-24,47.4900016784668,48.029998779296875,45.84000015258789,47.22999954223633,358200,SNBR
5216,2020-09-25,47.40999984741211,48.2599983215332,46.45000076293945,47.63999938964844,182400,SNBR
5217,2020-09-28,48.72999954223633,48.93000030517578,47.33000183105469,48.34000015258789,197700,SNBR
5218,2020-09-29,47.7599983215332,48.880001068115234,47.5,47.79999923706055,220400,SNBR
5219,2020-09-30,47.90999984741211,49.18000030517578,47.849998474121094,48.90999984741211,280700,SNBR
5220,2020-10-01,49.83000183105469,49.939998626708984,48.22999954223633,49.459999084472656,234500,SNBR
5221,2020-10-02,48.150001525878906,52.279998779296875,48.150001525878906,51.790000915527344,346700,SNBR
5222,2020-10-05,51.9900016784668,54.790000915527344,51.47999954223633,54.43000030517578,579800,SNBR
5223,2020-10-06,55.220001220703125,55.599998474121094,52.630001068115234,53.18000030517578,354200,SNBR
5224,2020-10-07,54.439998626708984,54.439998626708984,51.810001373291016,53.02000045776367,380000,SNBR
5225,2020-10-08,53.41999816894531,54.58000183105469,52.2599983215332,54.189998626708984,299500,SNBR
5226,2020-10-09,55.11000061035156,56.59000015258789,54.5099983215332,55.5,349000,SNBR
5227,2020-10-12,55.66999816894531,57.68000030517578,55.54999923706055,57.470001220703125,519100,SNBR
5228,2020-10-13,57.650001525878906,59.86000061035156,56.540000915527344,59.619998931884766,772800,SNBR
5229,2020-10-14,59.400001525878906,61.400001525878906,56.75,58.16999816894531,1209600,SNBR
5230,2020-10-15,60.70000076293945,67.30000305175781,60.650001525878906,64.75,3266800,SNBR
5231,2020-10-16,64.23999786376953,64.54000091552734,60.72999954223633,63.150001525878906,1092800,SNBR
5232,2020-10-19,63.52000045776367,65.44000244140625,62.459999084472656,63.810001373291016,663300,SNBR
5233,2020-10-20,64.93000030517578,65.77999877929688,62.79999923706055,63.630001068115234,421900,SNBR
5234,2020-10-21,63.959999084472656,64.37000274658203,60.56999969482422,61.61000061035156,578200,SNBR
5235,2020-10-22,62.06999969482422,63.599998474121094,61.459999084472656,62.369998931884766,461100,SNBR
5236,2020-10-23,62.38999938964844,65.19999694824219,61.900001525878906,65.0,536900,SNBR
5237,2020-10-26,63.59000015258789,65.11000061035156,62.83000183105469,63.349998474121094,397100,SNBR
5238,2020-10-27,63.0,65.58999633789062,62.900001525878906,64.7300033569336,435400,SNBR
5239,2020-10-28,62.83000183105469,64.43000030517578,62.099998474121094,62.869998931884766,310800,SNBR
5240,2020-10-29,62.869998931884766,65.16000366210938,62.709999084472656,63.88999938964844,336500,SNBR
5241,2020-10-30,63.61000061035156,64.25,61.83000183105469,63.36000061035156,351800,SNBR
5242,2020-11-02,64.11000061035156,66.79000091552734,64.01000213623047,65.87000274658203,455200,SNBR
5243,2020-11-03,66.69999694824219,67.72000122070312,65.0,67.06999969482422,319300,SNBR
5244,2020-11-04,65.7300033569336,67.12000274658203,64.05999755859375,65.0199966430664,409100,SNBR
5245,2020-11-05,65.91999816894531,69.88999938964844,65.69999694824219,69.27999877929688,386700,SNBR
5246,2020-11-06,69.01000213623047,70.62999725341797,68.05000305175781,70.0199966430664,265600,SNBR
5247,2020-11-09,71.69999694824219,72.0,61.45000076293945,61.61000061035156,856000,SNBR
5248,2020-11-10,61.939998626708984,64.05999755859375,60.08000183105469,62.810001373291016,438300,SNBR
5249,2020-11-11,62.83000183105469,65.68000030517578,61.97999954223633,65.44999694824219,331400,SNBR
5250,2020-11-12,64.91000366210938,66.16999816894531,62.529998779296875,63.54999923706055,311600,SNBR
5251,2020-11-13,64.61000061035156,68.18000030517578,64.61000061035156,67.3499984741211,424700,SNBR
5252,2020-11-16,69.0,71.11000061035156,67.7699966430664,70.69000244140625,414900,SNBR
5253,2020-11-17,71.20999908447266,73.63999938964844,69.0999984741211,72.69999694824219,477100,SNBR
5254,2020-11-18,73.30000305175781,74.36000061035156,71.70999908447266,71.87000274658203,336500,SNBR
5255,2020-11-19,71.44000244140625,73.19999694824219,70.41000366210938,71.73999786376953,325800,SNBR
5256,2020-11-20,70.9000015258789,71.37999725341797,68.70999908447266,68.75,405600,SNBR
5257,2020-11-23,69.81999969482422,69.94999694824219,67.8499984741211,68.54000091552734,386600,SNBR
5258,2020-11-24,69.88999938964844,69.98999786376953,68.2300033569336,68.5,356400,SNBR
5259,2020-11-25,68.30999755859375,69.62000274658203,67.33000183105469,68.7300033569336,399600,SNBR
5260,2020-11-27,68.0,72.04000091552734,67.80000305175781,71.30000305175781,271000,SNBR
5261,2020-11-30,71.30999755859375,71.33000183105469,66.51000213623047,69.38999938964844,458200,SNBR
5262,2020-12-01,69.75,69.91999816894531,67.44999694824219,68.91999816894531,370100,SNBR
5263,2020-12-02,68.0,69.66999816894531,67.20999908447266,68.87000274658203,309200,SNBR
5264,2020-12-03,69.7699966430664,73.16999816894531,69.69999694824219,72.18000030517578,375400,SNBR
5265,2020-12-04,72.9800033569336,74.98999786376953,71.7300033569336,73.43000030517578,326000,SNBR
5266,2020-12-07,73.05999755859375,75.80000305175781,72.33000183105469,75.5199966430664,339500,SNBR
5267,2020-12-08,73.58000183105469,75.83000183105469,73.58000183105469,75.61000061035156,419000,SNBR
5268,2020-12-09,75.75,84.9800033569336,75.75,81.54000091552734,849400,SNBR
5269,2020-12-10,81.91000366210938,83.97000122070312,79.87999725341797,82.66999816894531,375600,SNBR
5270,2020-12-11,81.41000366210938,83.69999694824219,81.0199966430664,82.30999755859375,294200,SNBR
5271,2020-12-14,83.52999877929688,85.13999938964844,81.80000305175781,82.44000244140625,337800,SNBR
5272,2020-12-15,83.48999786376953,89.12999725341797,83.37999725341797,88.76000213623047,431900,SNBR
5273,2020-12-16,89.30999755859375,90.0,84.55999755859375,85.76000213623047,433100,SNBR
5274,2020-12-17,86.66999816894531,87.45999908447266,82.30000305175781,83.58999633789062,412200,SNBR
5275,2020-12-18,84.25,84.98999786376953,81.80000305175781,82.73999786376953,705700,SNBR
5276,2020-12-21,80.94999694824219,86.44999694824219,80.70999908447266,84.4000015258789,421200,SNBR
5277,2020-12-22,85.0,85.0,82.37999725341797,83.68000030517578,403200,SNBR
5278,2020-12-23,83.7300033569336,85.12999725341797,82.0999984741211,82.25,402700,SNBR
5279,2020-12-24,82.20999908447266,85.68000030517578,81.04000091552734,84.87000274658203,275400,SNBR
5280,2020-12-28,85.63999938964844,85.80000305175781,82.19999694824219,83.55000305175781,439200,SNBR
5281,2020-12-29,83.51000213623047,83.51000213623047,80.7699966430664,82.05000305175781,312100,SNBR
5282,2020-12-30,81.6500015258789,85.66000366210938,80.3499984741211,82.77999877929688,246700,SNBR
5283,2020-12-31,82.73999786376953,83.7300033569336,80.75,81.86000061035156,351300,SNBR
5284,2021-01-04,81.9000015258789,82.05999755859375,75.08000183105469,79.36000061035156,508400,SNBR
5285,2021-01-05,79.19999694824219,83.97000122070312,79.19999694824219,82.58999633789062,465800,SNBR
5286,2021-01-06,82.83000183105469,87.0999984741211,82.83000183105469,86.7699966430664,379800,SNBR
5287,2021-01-07,86.94999694824219,88.33999633789062,85.66999816894531,87.8499984741211,289500,SNBR
5288,2021-01-08,88.73999786376953,89.22000122070312,86.88999938964844,88.11000061035156,317400,SNBR
5289,2021-01-11,87.01000213623047,91.4000015258789,87.01000213623047,89.01000213623047,240400,SNBR
5290,2021-01-12,91.1500015258789,94.76000213623047,90.87999725341797,92.01000213623047,433000,SNBR
5291,2021-01-13,92.25,93.93000030517578,90.91999816894531,91.12999725341797,283600,SNBR
5292,2021-01-14,94.19999694824219,99.5,94.19999694824219,98.68000030517578,498600,SNBR
5293,2021-01-15,97.75,97.75,93.16999816894531,94.94999694824219,302900,SNBR
5294,2021-01-19,96.86000061035156,97.54000091552734,93.30000305175781,96.12999725341797,251900,SNBR
5295,2021-01-20,95.66999816894531,97.23999786376953,94.44000244140625,96.66000366210938,219600,SNBR
5296,2021-01-21,97.33000183105469,98.8499984741211,96.44999694824219,96.81999969482422,242100,SNBR
5297,2021-01-22,95.33999633789062,99.93000030517578,94.87000274658203,99.54000091552734,259400,SNBR
5298,2021-01-25,99.97000122070312,108.11000061035156,99.63999938964844,100.55999755859375,597600,SNBR
5299,2021-01-26,100.66000366210938,102.33000183105469,97.41999816894531,101.54000091552734,342600,SNBR
5300,2021-01-27,99.4800033569336,108.83000183105469,99.0,108.25,599000,SNBR
5301,2021-01-28,108.25,116.5,104.12000274658203,107.2300033569336,636900,SNBR
5302,2021-01-29,109.52999877929688,112.54000091552734,105.81999969482422,107.73999786376953,626100,SNBR
5303,2021-02-01,107.08000183105469,107.69999694824219,99.45999908447266,104.44000244140625,305400,SNBR
5304,2021-02-02,105.91999816894531,108.01000213623047,104.72000122070312,106.45999908447266,328900,SNBR
5305,2021-02-03,106.48999786376953,108.62000274658203,105.66999816894531,106.77999877929688,371400,SNBR
5306,2021-02-04,104.2699966430664,110.98999786376953,104.2699966430664,110.61000061035156,380300,SNBR
5307,2021-02-05,110.58000183105469,115.45999908447266,109.05000305175781,114.69000244140625,313800,SNBR
5308,2021-02-08,115.23999786376953,120.13999938964844,115.01000213623047,119.54000091552734,400500,SNBR
5309,2021-02-09,119.93000030517578,124.7699966430664,119.56999969482422,124.29000091552734,373100,SNBR
5310,2021-02-10,125.95999908447266,127.08999633789062,120.23999786376953,125.94000244140625,482900,SNBR
5311,2021-02-11,128.83999633789062,132.92999267578125,128.83999633789062,130.97000122070312,931900,SNBR
5312,2021-02-12,130.36000061035156,133.61000061035156,128.6300048828125,129.7899932861328,265900,SNBR
5313,2021-02-16,130.67999267578125,130.69000244140625,122.12000274658203,122.51000213623047,473100,SNBR
5314,2021-02-17,122.01000213623047,123.16000366210938,116.6500015258789,120.01000213623047,673700,SNBR
5315,2021-02-18,135.5,135.5,119.5999984741211,121.23999786376953,801600,SNBR
5316,2021-02-19,122.4800033569336,123.48999786376953,115.2300033569336,121.93000030517578,473800,SNBR
5317,2021-02-22,121.86000061035156,130.1999969482422,120.47000122070312,126.68000030517578,619700,SNBR
5318,2021-02-23,123.23999786376953,130.64999389648438,117.11000061035156,128.05999755859375,470300,SNBR
5319,2021-02-24,127.63999938964844,134.2899932861328,124.91999816894531,133.25999450683594,564500,SNBR
5320,2021-02-25,134.41000366210938,144.30999755859375,133.72000122070312,136.02999877929688,1730000,SNBR
5321,2021-02-26,140.0,141.75,132.88999938964844,137.1300048828125,705400,SNBR
5322,2021-03-01,140.92999267578125,147.27000427246094,139.42999267578125,143.0399932861328,736200,SNBR
5323,2021-03-02,143.14999389648438,151.44000244140625,142.33999633789062,143.08999633789062,610400,SNBR
5324,2021-03-03,145.66000366210938,147.69000244140625,139.91000366210938,141.3300018310547,693500,SNBR
5325,2021-03-04,140.00999450683594,140.8800048828125,122.05999755859375,123.12000274658203,984100,SNBR
5326,2021-03-05,123.62999725341797,131.41000366210938,117.5,131.22999572753906,909800,SNBR
5327,2021-03-08,133.0,138.9600067138672,130.4600067138672,137.3699951171875,608500,SNBR
5328,2021-03-09,140.8300018310547,143.0,135.1699981689453,135.57000732421875,664200,SNBR
5329,2021-03-10,137.4499969482422,142.0,134.19000244140625,138.0800018310547,425600,SNBR
5330,2021-03-11,142.86000061035156,145.0,138.83999633789062,139.36000061035156,534900,SNBR
5331,2021-03-12,138.77999877929688,144.44000244140625,138.00999450683594,142.22999572753906,518100,SNBR
5332,2021-03-15,142.27000427246094,149.16000366210938,141.4499969482422,146.97000122070312,461400,SNBR
5333,2021-03-16,148.5,149.97999572753906,137.55999755859375,142.10000610351562,570200,SNBR
5334,2021-03-17,139.99000549316406,140.25999450683594,134.36000061035156,137.32000732421875,654900,SNBR
5335,2021-03-18,137.35000610351562,145.66000366210938,135.35000610351562,137.60000610351562,499600,SNBR
5336,2021-03-19,136.8699951171875,145.6199951171875,136.8699951171875,143.8300018310547,1148700,SNBR
5337,2021-03-22,145.38999938964844,145.75,138.3000030517578,140.6300048828125,450000,SNBR
5338,2021-03-23,139.44000244140625,143.33999633789062,135.4499969482422,136.82000732421875,383100,SNBR
5339,2021-03-24,139.3000030517578,142.89999389648438,130.8800048828125,131.30999755859375,475400,SNBR
5340,2021-03-25,127.41999816894531,138.64999389648438,125.12999725341797,136.89999389648438,368000,SNBR
5341,2021-03-26,138.60000610351562,141.4600067138672,135.4499969482422,140.82000732421875,267600,SNBR
5342,2021-03-29,141.5800018310547,144.4600067138672,135.99000549316406,136.2100067138672,421200,SNBR
5343,2021-03-30,135.3800048828125,147.42999267578125,135.3300018310547,146.13999938964844,351200,SNBR
5344,2021-03-31,146.9499969482422,150.85000610351562,140.33999633789062,143.49000549316406,548400,SNBR
5345,2021-04-01,144.75,147.3000030517578,138.25999450683594,142.0,434700,SNBR
5346,2021-04-05,143.42999267578125,143.5500030517578,129.3699951171875,133.1199951171875,696500,SNBR
5347,2021-04-06,134.19000244140625,134.74000549316406,129.30999755859375,133.13999938964844,478200,SNBR
5348,2021-04-07,132.27999877929688,132.4600067138672,129.66000366210938,130.0,324000,SNBR
5349,2021-04-08,130.0,130.3300018310547,125.8499984741211,129.14999389648438,637700,SNBR
5350,2021-04-09,128.0,130.00999450683594,126.06999969482422,129.0,526000,SNBR
5351,2021-04-12,129.9499969482422,130.47999572753906,123.70999908447266,124.81999969482422,453600,SNBR
5352,2021-04-13,124.45999908447266,125.1500015258789,120.9000015258789,123.0,556200,SNBR
5353,2021-04-14,121.45999908447266,125.36000061035156,118.68000030517578,122.22000122070312,613500,SNBR
5354,2021-04-15,123.19000244140625,123.2300033569336,120.2699966430664,121.9800033569336,429500,SNBR
5355,2021-04-16,121.66000366210938,123.3499984741211,119.37999725341797,121.56999969482422,483100,SNBR
5356,2021-04-19,121.12000274658203,124.1500015258789,117.66999816894531,122.62999725341797,873400,SNBR
5357,2021-04-20,122.33999633789062,122.5999984741211,116.6500015258789,119.94000244140625,511000,SNBR
5358,2021-04-21,119.66000366210938,125.88999938964844,119.0,124.93000030517578,871000,SNBR
5359,2021-04-22,112.13999938964844,115.0,106.83999633789062,110.12999725341797,2198500,SNBR
5360,2021-04-23,110.45999908447266,114.1500015258789,110.20999908447266,112.72000122070312,663000,SNBR
5361,2021-04-26,113.0,115.44999694824219,110.5199966430664,114.33999633789062,559500,SNBR
5362,2021-04-27,114.4000015258789,116.19999694824219,111.87999725341797,112.02999877929688,407300,SNBR
5363,2021-04-28,112.4000015258789,114.56999969482422,110.72000122070312,113.72000122070312,526000,SNBR
5364,2021-04-29,114.0,116.27999877929688,111.05999755859375,112.4000015258789,358500,SNBR
5365,2021-04-30,111.55000305175781,113.7699966430664,110.69999694824219,111.88999938964844,407500,SNBR
5366,2021-05-03,111.97000122070312,114.75,111.20999908447266,111.94999694824219,387000,SNBR
5367,2021-05-04,111.0199966430664,111.20999908447266,107.9000015258789,109.44000244140625,408800,SNBR
5368,2021-05-05,110.33999633789062,112.38999938964844,107.20999908447266,107.83000183105469,355700,SNBR
5369,2021-05-06,107.81999969482422,111.30999755859375,106.5199966430664,111.30000305175781,396900,SNBR
5370,2021-05-07,110.81999969482422,113.12000274658203,110.29000091552734,111.80000305175781,323400,SNBR
5371,2021-05-10,112.70999908447266,115.6500015258789,111.70999908447266,112.19000244140625,338400,SNBR
5372,2021-05-11,109.55000305175781,112.66999816894531,106.04000091552734,111.61000061035156,310300,SNBR
5373,2021-05-12,110.43000030517578,111.05999755859375,106.20999908447266,106.54000091552734,382100,SNBR
5374,2021-05-13,106.54000091552734,110.69000244140625,106.12000274658203,107.68000030517578,287400,SNBR
5375,2021-05-14,109.27999877929688,111.91000366210938,108.61000061035156,111.2699966430664,375600,SNBR
5376,2021-05-17,111.31999969482422,112.05000305175781,108.70999908447266,109.12000274658203,497700,SNBR
5377,2021-05-18,109.94999694824219,110.66000366210938,105.80000305175781,105.9800033569336,274600,SNBR
5378,2021-05-19,104.69999694824219,105.08999633789062,101.7300033569336,102.93000030517578,272000,SNBR
5379,2021-05-20,102.27999877929688,103.70999908447266,100.87000274658203,101.97000122070312,396400,SNBR
5380,2021-05-21,101.41999816894531,103.0999984741211,98.75,100.72000122070312,371000,SNBR
5381,2021-05-24,101.26000213623047,104.63999938964844,100.87999725341797,103.73999786376953,324700,SNBR
5382,2021-05-25,104.70999908447266,107.91000366210938,104.20999908447266,105.12000274658203,413000,SNBR
5383,2021-05-26,105.43000030517578,109.08999633789062,105.43000030517578,108.69999694824219,292800,SNBR
5384,2021-05-27,109.63999938964844,111.81999969482422,108.93000030517578,110.19999694824219,477400,SNBR
5385,2021-05-28,111.0999984741211,111.98999786376953,108.19000244140625,111.48999786376953,323300,SNBR
5386,2021-06-01,112.37999725341797,114.0999984741211,111.12000274658203,112.01000213623047,334800,SNBR
5387,2021-06-02,112.33999633789062,113.16000366210938,111.0,112.56999969482422,559500,SNBR
5388,2021-06-03,112.08999633789062,112.08999633789062,106.05999755859375,109.33000183105469,457600,SNBR
5389,2021-06-04,109.44999694824219,112.66000366210938,108.20999908447266,111.52999877929688,364700,SNBR
5390,2021-06-07,112.44999694824219,117.93000030517578,112.44999694824219,117.37000274658203,395000,SNBR
5391,2021-06-08,117.70999908447266,120.5199966430664,116.37999725341797,118.80999755859375,358300,SNBR
5392,2021-06-09,118.4000015258789,121.05000305175781,117.69999694824219,120.4000015258789,387200,SNBR
5393,2021-06-10,121.5999984741211,121.9800033569336,114.52999877929688,114.7300033569336,332000,SNBR
5394,2021-06-11,115.0,118.0999984741211,115.0,117.86000061035156,286800,SNBR
5395,2021-06-14,118.43000030517578,119.06999969482422,114.75,115.93000030517578,287000,SNBR
5396,2021-06-15,115.44999694824219,115.93000030517578,112.23999786376953,112.7699966430664,497600,SNBR
5397,2021-06-16,112.01000213623047,112.01000213623047,107.33000183105469,107.4000015258789,428400,SNBR
5398,2021-06-17,106.61000061035156,107.22000122070312,102.88999938964844,106.27999877929688,437000,SNBR
5399,2021-06-18,104.79000091552734,106.19999694824219,100.88999938964844,101.38999938964844,674900,SNBR
5400,2021-06-21,101.98999786376953,103.5199966430664,99.5999984741211,102.94000244140625,386600,SNBR
5401,2021-06-22,101.97000122070312,107.55999755859375,101.97000122070312,106.41999816894531,395700,SNBR
5402,2021-06-23,107.5199966430664,108.44000244140625,106.26000213623047,107.88999938964844,281600,SNBR
5403,2021-06-24,110.76000213623047,112.56999969482422,109.66000366210938,111.43000030517578,334000,SNBR
5404,2021-06-25,111.43000030517578,113.5,107.81999969482422,108.19999694824219,1075700,SNBR
5405,2021-06-28,109.01000213623047,113.87000274658203,107.11000061035156,112.97000122070312,375300,SNBR
5406,2021-06-29,112.30000305175781,112.7699966430664,108.1500015258789,109.80999755859375,377800,SNBR
5407,2021-06-30,110.11000061035156,111.33000183105469,109.16000366210938,109.94999694824219,342800,SNBR
5408,2021-07-01,110.68000030517578,112.37000274658203,109.83999633789062,110.2699966430664,397800,SNBR
5409,2021-07-02,110.23999786376953,110.62999725341797,108.3499984741211,109.26000213623047,373300,SNBR
5410,2021-07-06,109.72000122070312,110.36000061035156,105.2699966430664,108.43000030517578,410500,SNBR
5411,2021-07-07,108.0,110.11000061035156,105.11000061035156,107.75,255000,SNBR
5412,2021-07-08,104.87999725341797,107.73999786376953,102.0,104.37000274658203,266100,SNBR
5413,2021-07-09,106.55999755859375,109.4000015258789,106.20999908447266,108.20999908447266,256000,SNBR
5414,2021-07-12,106.88999938964844,109.58000183105469,106.58999633789062,108.05999755859375,321800,SNBR
5415,2021-07-13,107.9000015258789,112.06999969482422,107.13999938964844,111.83999633789062,339400,SNBR
5416,2021-07-14,111.83999633789062,116.0,111.79000091552734,114.0,620400,SNBR
5417,2021-07-15,113.6500015258789,114.26000213623047,106.6500015258789,107.94999694824219,576600,SNBR
5418,2021-07-16,108.70999908447266,112.55999755859375,107.9800033569336,108.05000305175781,306200,SNBR
5419,2021-07-19,106.0,107.43000030517578,102.52999877929688,106.47000122070312,506200,SNBR
5420,2021-07-20,107.5999984741211,113.37999725341797,106.63999938964844,112.23999786376953,1072800,SNBR
5421,2021-07-21,97.9000015258789,101.91000366210938,93.3499984741211,97.77999877929688,3265600,SNBR
5422,2021-07-22,98.30999755859375,99.3499984741211,94.72000122070312,96.86000061035156,1199000,SNBR
5423,2021-07-23,97.75,98.29000091552734,93.52999877929688,93.56999969482422,776800,SNBR
5424,2021-07-26,93.58000183105469,99.2699966430664,93.58000183105469,97.95999908447266,503100,SNBR
5425,2021-07-27,97.44000244140625,97.94999694824219,93.16000366210938,97.77999877929688,463700,SNBR
5426,2021-07-28,98.36000061035156,98.9000015258789,94.23999786376953,95.51000213623047,359100,SNBR
5427,2021-07-29,96.86000061035156,101.5999984741211,96.23999786376953,100.69999694824219,493800,SNBR
5428,2021-07-30,99.56999969482422,101.79000091552734,98.58999633789062,99.20999908447266,325800,SNBR
5429,2021-08-02,99.7699966430664,102.0,98.91000366210938,99.2300033569336,255600,SNBR
5430,2021-08-03,99.05999755859375,99.12999725341797,96.45999908447266,97.5,268900,SNBR
5431,2021-08-04,96.66999816894531,99.05999755859375,96.27999877929688,97.25,283500,SNBR
5432,2021-08-05,97.80000305175781,100.68000030517578,97.52999877929688,99.7300033569336,326500,SNBR
5433,2021-08-06,100.63999938964844,101.16999816894531,98.5,98.91999816894531,183700,SNBR
5434,2021-08-09,99.01000213623047,101.23999786376953,97.48999786376953,99.41000366210938,256000,SNBR
5435,2021-08-10,100.30999755859375,102.06999969482422,99.04000091552734,100.55999755859375,232000,SNBR
5436,2021-08-11,100.93000030517578,103.55000305175781,100.27999877929688,103.33999633789062,241800,SNBR
5437,2021-08-12,102.94000244140625,105.4800033569336,101.20999908447266,101.58999633789062,218000,SNBR
5438,2021-08-13,102.31999969482422,102.80000305175781,100.01000213623047,100.11000061035156,165100,SNBR
5439,2021-08-16,98.95999908447266,102.5,97.25,99.29000091552734,225300,SNBR
5440,2021-08-17,98.19999694824219,98.22000122070312,93.33999633789062,94.61000061035156,429400,SNBR
5441,2021-08-18,94.33000183105469,97.11000061035156,94.33000183105469,95.9000015258789,318000,SNBR
5442,2021-08-19,94.37000274658203,95.66999816894531,91.75,91.91000366210938,347500,SNBR
5443,2021-08-20,92.04000091552734,94.12000274658203,91.87999725341797,93.30000305175781,257000,SNBR
5444,2021-08-23,93.5999984741211,94.91000366210938,92.66000366210938,93.55000305175781,241300,SNBR
5445,2021-08-24,93.41000366210938,98.20999908447266,93.19999694824219,96.94000244140625,224200,SNBR
5446,2021-08-25,97.08000183105469,100.0,97.05000305175781,98.94999694824219,249100,SNBR
5447,2021-08-26,99.68000030517578,99.68000030517578,93.9000015258789,95.06999969482422,307500,SNBR
5448,2021-08-27,95.08999633789062,98.20999908447266,93.70999908447266,97.41000366210938,275800,SNBR
5449,2021-08-30,98.75,99.23999786376953,96.54000091552734,96.62000274658203,260900,SNBR
5450,2021-08-31,95.9800033569336,96.5199966430664,92.16000366210938,92.51000213623047,397200,SNBR
5451,2021-09-01,93.0,94.19000244140625,91.88999938964844,92.80000305175781,247800,SNBR
5452,2021-09-02,92.44999694824219,93.97000122070312,91.61000061035156,91.83000183105469,287300,SNBR
5453,2021-09-03,91.45999908447266,93.01000213623047,90.26000213623047,92.76000213623047,267400,SNBR
5454,2021-09-07,92.7300033569336,95.12999725341797,88.87999725341797,89.5999984741211,452000,SNBR
5455,2021-09-08,88.66000366210938,91.72000122070312,87.2300033569336,90.70999908447266,531900,SNBR
5456,2021-09-09,91.30000305175781,94.04000091552734,90.23999786376953,92.9800033569336,291100,SNBR
5457,2021-09-10,93.23999786376953,95.44999694824219,91.04000091552734,91.43000030517578,250500,SNBR
5458,2021-09-13,91.61000061035156,94.94999694824219,89.83000183105469,94.5,309900,SNBR
5459,2021-09-14,95.19999694824219,95.9800033569336,92.79000091552734,93.83000183105469,249600,SNBR
5460,2021-09-15,93.77999877929688,93.77999877929688,90.16999816894531,92.20999908447266,339800,SNBR
5461,2021-09-16,92.75,94.69000244140625,92.0999984741211,93.97000122070312,284800,SNBR
5462,2021-09-17,94.55999755859375,95.8499984741211,93.9000015258789,95.18000030517578,935000,SNBR
5463,2021-09-20,92.91000366210938,94.80999755859375,91.43000030517578,93.93000030517578,321300,SNBR
5464,2021-09-21,94.9800033569336,97.2699966430664,93.76000213623047,96.11000061035156,250300,SNBR
5465,2021-09-22,97.12999725341797,101.30000305175781,95.7699966430664,101.19000244140625,485600,SNBR
5466,2021-09-23,101.77999877929688,102.3499984741211,99.66000366210938,100.29000091552734,280600,SNBR
5467,2021-09-24,99.94000244140625,103.36000061035156,98.87999725341797,99.79000091552734,389200,SNBR
5468,2021-09-27,100.26000213623047,104.4000015258789,100.26000213623047,104.25,324400,SNBR
5469,2021-09-28,103.88999938964844,104.43000030517578,101.91000366210938,104.2300033569336,472800,SNBR
5470,2021-09-29,105.0,105.9800033569336,102.94999694824219,105.52999877929688,382700,SNBR
5471,2021-09-30,105.22000122070312,105.72000122070312,93.30999755859375,93.4800033569336,594300,SNBR
5472,2021-10-01,93.66999816894531,95.4800033569336,91.4800033569336,94.54000091552734,415800,SNBR
5473,2021-10-04,93.77999877929688,94.8499984741211,91.31999969482422,92.83999633789062,305900,SNBR
5474,2021-10-05,92.47000122070312,95.55000305175781,91.55000305175781,92.16999816894531,274100,SNBR
5475,2021-10-06,90.83000183105469,91.16999816894531,89.33000183105469,90.9800033569336,369800,SNBR
5476,2021-10-07,92.04000091552734,95.37000274658203,92.04000091552734,94.97000122070312,400400,SNBR
5477,2021-10-08,95.4000015258789,96.87000274658203,90.94000244140625,91.58999633789062,300300,SNBR
5478,2021-10-11,91.83999633789062,93.68000030517578,91.19000244140625,92.4800033569336,482100,SNBR
5479,2021-10-12,92.69000244140625,92.94000244140625,90.41999816894531,91.20999908447266,275300,SNBR
5480,2021-10-13,90.66999816894531,90.94999694824219,84.58000183105469,84.94999694824219,847700,SNBR
5481,2021-10-14,85.01000213623047,86.62000274658203,82.11000061035156,85.77999877929688,543300,SNBR
5482,2021-10-15,87.0199966430664,87.0199966430664,85.05999755859375,86.5999984741211,238200,SNBR
5483,2021-10-18,86.47000122070312,89.52999877929688,86.37999725341797,88.52999877929688,291200,SNBR
5484,2021-10-19,88.97000122070312,89.31999969482422,87.47000122070312,88.9000015258789,245600,SNBR
5485,2021-10-20,88.9000015258789,90.5,87.95999908447266,89.70999908447266,250800,SNBR
5486,2021-10-21,90.30000305175781,92.5199966430664,90.29000091552734,91.91000366210938,237300,SNBR
5487,2021-10-22,91.79000091552734,93.19000244140625,90.94999694824219,92.29000091552734,210900,SNBR
5488,2021-10-25,91.58000183105469,93.63999938964844,91.0199966430664,92.08999633789062,383600,SNBR
5489,2021-10-26,93.2699966430664,93.55000305175781,88.69999694824219,90.80000305175781,324900,SNBR
5490,2021-10-27,90.91999816894531,91.69000244140625,88.45999908447266,88.94999694824219,484000,SNBR
5491,2021-10-28,95.30999755859375,97.94000244140625,90.86000061035156,91.38999938964844,1150000,SNBR
5492,2021-10-29,91.86000061035156,92.76000213623047,86.88999938964844,88.33999633789062,467600,SNBR
5493,2021-11-01,88.61000061035156,91.66999816894531,86.94000244140625,90.47000122070312,444200,SNBR
5494,2021-11-02,90.94999694824219,90.94999694824219,87.83999633789062,87.9800033569336,357100,SNBR
5495,2021-11-03,88.36000061035156,92.0,87.55999755859375,90.79000091552734,518000,SNBR
5496,2021-11-04,91.87999725341797,92.72000122070312,90.29000091552734,91.30999755859375,343800,SNBR
5497,2021-11-05,92.36000061035156,93.7300033569336,87.02999877929688,87.2300033569336,470000,SNBR
5498,2021-11-08,86.7699966430664,88.08999633789062,83.44000244140625,88.06999969482422,428300,SNBR
5499,2021-11-09,87.62999725341797,89.81999969482422,87.5999984741211,88.8499984741211,251100,SNBR
5500,2021-11-10,87.4800033569336,89.04000091552734,84.0199966430664,84.94000244140625,418200,SNBR
5501,2021-11-11,84.94000244140625,84.94999694824219,81.26000213623047,81.2699966430664,419900,SNBR
5502,2021-11-12,81.3499984741211,83.08000183105469,80.58000183105469,82.04000091552734,243600,SNBR
5503,2021-11-15,83.19999694824219,83.31999969482422,81.02999877929688,81.41000366210938,267900,SNBR
5504,2021-11-16,81.5199966430664,84.19000244140625,81.31999969482422,83.5,214000,SNBR
5505,2021-11-17,83.58999633789062,83.58999633789062,79.47000122070312,80.2699966430664,318400,SNBR
5506,2021-11-18,80.44999694824219,81.69999694824219,79.20999908447266,79.87000274658203,185400,SNBR
5507,2021-11-19,78.2699966430664,79.23999786376953,76.4000015258789,77.87000274658203,414500,SNBR
5508,2021-11-22,78.66999816894531,82.98999786376953,78.27999877929688,82.2300033569336,364800,SNBR
5509,2021-11-23,82.30999755859375,82.4800033569336,79.73999786376953,81.73999786376953,284100,SNBR
5510,2021-11-24,80.68000030517578,82.94999694824219,78.70999908447266,81.73999786376953,222800,SNBR
5511,2021-11-26,78.98999786376953,81.41000366210938,78.91999816894531,80.54000091552734,222800,SNBR
5512,2021-11-29,82.55999755859375,83.0,80.18000030517578,81.0199966430664,339700,SNBR
5513,2021-11-30,80.19999694824219,81.12000274658203,77.2699966430664,79.77999877929688,363000,SNBR
5514,2021-12-01,81.83999633789062,81.94999694824219,76.0,76.22000122070312,481100,SNBR
5515,2021-12-02,76.0199966430664,80.3499984741211,76.0,79.41000366210938,392600,SNBR
5516,2021-12-03,79.41000366210938,79.41000366210938,76.16999816894531,77.12000274658203,253600,SNBR
5517,2021-12-06,76.55999755859375,82.87999725341797,76.3499984741211,81.41999816894531,289400,SNBR
5518,2021-12-07,82.91000366210938,83.80999755859375,80.13999938964844,80.51000213623047,250600,SNBR
5519,2021-12-08,80.98999786376953,81.05999755859375,78.66000366210938,79.12000274658203,220300,SNBR
5520,2021-12-09,79.11000061035156,80.33999633789062,76.68000030517578,76.68000030517578,154000,SNBR
5521,2021-12-10,77.37999725341797,77.9000015258789,75.7300033569336,75.98999786376953,223800,SNBR
5522,2021-12-13,75.62999725341797,76.54000091552734,72.88999938964844,75.69999694824219,255900,SNBR
5523,2021-12-14,75.11000061035156,77.08999633789062,74.51000213623047,75.9000015258789,281200,SNBR
5524,2021-12-15,75.06999969482422,76.41000366210938,72.72000122070312,76.27999877929688,261400,SNBR
5525,2021-12-16,77.0,77.0,73.0,74.43000030517578,444000,SNBR
5526,2021-12-17,74.5199966430664,77.31999969482422,74.02999877929688,76.16999816894531,755000,SNBR
5527,2021-12-20,74.56999969482422,76.27999877929688,73.5,75.2699966430664,312500,SNBR
5528,2021-12-21,75.73999786376953,76.80999755859375,75.0999984741211,76.4000015258789,227400,SNBR
5529,2021-12-22,76.88999938964844,77.68000030517578,76.1500015258789,76.9800033569336,151600,SNBR
5530,2021-12-23,77.5199966430664,77.97000122070312,76.5999984741211,77.48999786376953,148500,SNBR
5531,2021-12-27,77.4800033569336,77.91000366210938,76.44000244140625,77.62999725341797,177800,SNBR
5532,2021-12-28,78.01000213623047,79.29000091552734,76.0,76.04000091552734,246000,SNBR
5533,2021-12-29,75.93000030517578,78.37999725341797,75.80000305175781,77.98999786376953,229900,SNBR
5534,2021-12-30,78.33999633789062,79.55999755859375,77.19999694824219,77.5199966430664,207900,SNBR
5535,2021-12-31,78.05000305175781,78.25,76.19000244140625,76.5999984741211,184500,SNBR
5536,2022-01-03,76.83000183105469,80.63999938964844,76.83000183105469,77.9000015258789,179800,SNBR
5537,2022-01-04,78.69999694824219,80.7699966430664,78.41000366210938,78.8499984741211,251900,SNBR
5538,2022-01-05,78.91999816894531,79.20999908447266,75.83999633789062,76.30000305175781,324100,SNBR
5539,2022-01-06,77.97000122070312,79.7300033569336,75.55999755859375,79.52999877929688,349200,SNBR
5540,2022-01-07,79.13999938964844,80.22000122070312,75.66000366210938,77.0199966430664,284100,SNBR
5541,2022-01-10,76.31999969482422,78.75,75.02999877929688,78.47000122070312,367500,SNBR
5542,2022-01-11,78.5,78.62999725341797,76.68000030517578,77.51000213623047,205700,SNBR
5543,2022-01-12,77.43000030517578,77.9000015258789,75.66999816894531,77.05000305175781,214100,SNBR
5544,2022-01-13,77.05000305175781,78.13999938964844,75.69000244140625,75.8499984741211,329600,SNBR
5545,2022-01-14,75.0,75.68000030517578,71.02999877929688,72.55000305175781,308800,SNBR
5546,2022-01-18,71.5,71.86000061035156,69.6500015258789,69.80000305175781,317600,SNBR
5547,2022-01-19,69.83999633789062,71.80999755859375,69.81999969482422,70.26000213623047,326000,SNBR
5548,2022-01-20,70.41999816894531,72.33000183105469,69.83999633789062,69.91999816894531,340500,SNBR
5549,2022-01-21,69.48999786376953,71.4000015258789,69.01000213623047,69.81999969482422,413700,SNBR
5550,2022-01-24,69.0,76.54000091552734,68.18000030517578,76.5199966430664,698800,SNBR
5551,2022-01-25,75.3499984741211,78.23999786376953,73.88999938964844,77.08999633789062,631800,SNBR
5552,2022-01-26,77.8499984741211,78.41999816894531,72.55000305175781,72.62999725341797,930800,SNBR
5553,2022-01-27,73.30999755859375,75.08999633789062,69.86000061035156,70.58000183105469,692100,SNBR
5554,2022-01-28,71.12999725341797,72.8499984741211,70.0,72.72000122070312,176700,SNBR
5555,2022-01-31,72.55999755859375,73.11000061035156,70.16000366210938,71.5,473800,SNBR
5556,2022-02-01,70.55999755859375,73.2699966430664,69.93000030517578,73.0199966430664,346700,SNBR
5557,2022-02-02,72.9000015258789,73.61000061035156,69.98999786376953,71.13999938964844,284100,SNBR
5558,2022-02-03,71.30000305175781,71.62999725341797,69.80000305175781,69.9800033569336,493800,SNBR
5559,2022-02-04,72.47000122070312,73.94000244140625,69.77999877929688,73.80999755859375,634800,SNBR
5560,2022-02-07,72.7699966430664,75.55000305175781,69.79000091552734,70.3499984741211,627700,SNBR
5561,2022-02-08,70.05999755859375,74.6500015258789,70.05999755859375,74.37000274658203,411900,SNBR
5562,2022-02-09,74.5999984741211,75.9800033569336,73.69000244140625,73.7300033569336,408100,SNBR
5563,2022-02-10,72.11000061035156,74.62000274658203,71.81999969482422,72.2699966430664,574800,SNBR
5564,2022-02-11,72.47000122070312,73.7300033569336,71.02999877929688,71.83999633789062,309100,SNBR
5565,2022-02-14,71.73999786376953,72.69000244140625,70.1500015258789,70.47000122070312,338200,SNBR
5566,2022-02-15,70.68000030517578,71.87999725341797,68.4000015258789,70.08000183105469,317100,SNBR
5567,2022-02-16,69.58000183105469,69.58000183105469,67.26000213623047,68.54000091552734,443600,SNBR
5568,2022-02-17,68.37000274658203,69.38999938964844,67.81999969482422,68.19999694824219,369700,SNBR
5569,2022-02-18,67.61000061035156,69.94000244140625,67.27999877929688,68.06999969482422,471700,SNBR
5570,2022-02-22,66.6500015258789,67.18000030517578,61.040000915527344,62.54999923706055,1334800,SNBR
5571,2022-02-23,63.56999969482422,65.36000061035156,62.33000183105469,64.6500015258789,1078400,SNBR
5572,2022-02-24,55.18000030517578,66.94000244140625,55.18000030517578,63.41999816894531,2116400,SNBR
5573,2022-02-25,63.66999816894531,69.23999786376953,62.279998779296875,65.6500015258789,1405700,SNBR
5574,2022-02-28,64.55000305175781,66.43000030517578,62.45000076293945,65.69999694824219,1018700,SNBR
5575,2022-03-01,65.30000305175781,66.44000244140625,61.72999954223633,62.20000076293945,677800,SNBR
5576,2022-03-02,61.709999084472656,65.94000244140625,61.27000045776367,65.04000091552734,585800,SNBR
5577,2022-03-03,65.54000091552734,66.73999786376953,63.43000030517578,63.90999984741211,470900,SNBR
5578,2022-03-04,63.400001525878906,64.19000244140625,61.2599983215332,62.70000076293945,605400,SNBR
5579,2022-03-07,63.209999084472656,65.37000274658203,61.040000915527344,61.5,903800,SNBR
5580,2022-03-08,61.18000030517578,67.22000122070312,61.18000030517578,64.18000030517578,909300,SNBR
5581,2022-03-09,64.5999984741211,67.12000274658203,62.880001068115234,63.33000183105469,705800,SNBR
5582,2022-03-10,63.099998474121094,64.44000244140625,61.7599983215332,62.54999923706055,509100,SNBR
5583,2022-03-11,62.54999923706055,62.619998931884766,60.41999816894531,60.61000061035156,515900,SNBR
5584,2022-03-14,60.470001220703125,61.70000076293945,59.400001525878906,61.43000030517578,477000,SNBR
5585,2022-03-15,61.459999084472656,63.5,61.04999923706055,61.65999984741211,218500,SNBR
5586,2022-03-16,61.83000183105469,64.04000091552734,60.84000015258789,63.849998474121094,332600,SNBR
5587,2022-03-17,63.63999938964844,64.48999786376953,62.65999984741211,63.75,225500,SNBR
5588,2022-03-18,62.459999084472656,65.66000366210938,62.459999084472656,65.05000305175781,445800,SNBR
5589,2022-03-21,64.58999633789062,65.63999938964844,61.61000061035156,61.97999954223633,341500,SNBR
5590,2022-03-22,62.209999084472656,63.90999984741211,61.66999816894531,63.7400016784668,253900,SNBR
5591,2022-03-23,63.18000030517578,63.810001373291016,59.93000030517578,60.0,348800,SNBR
5592,2022-03-24,60.13999938964844,62.689998626708984,58.13999938964844,59.52000045776367,462600,SNBR
5593,2022-03-25,60.0,60.16999816894531,56.709999084472656,57.43000030517578,334400,SNBR
5594,2022-03-28,52.470001220703125,55.060001373291016,52.20000076293945,54.349998474121094,736200,SNBR
5595,2022-03-29,54.880001068115234,56.83000183105469,54.4900016784668,55.540000915527344,611300,SNBR
5596,2022-03-30,54.7400016784668,55.75,51.470001220703125,52.20000076293945,413400,SNBR
5597,2022-03-31,50.529998779296875,51.400001525878906,49.060001373291016,50.709999084472656,763100,SNBR
5598,2022-04-01,51.45000076293945,52.0,50.31999969482422,50.75,444000,SNBR
5599,2022-04-04,50.650001525878906,52.93000030517578,49.84000015258789,51.459999084472656,471700,SNBR
5600,2022-04-05,51.2400016784668,53.0,50.4900016784668,51.2599983215332,847300,SNBR
5601,2022-04-06,50.58000183105469,50.79999923706055,48.599998474121094,49.83000183105469,593900,SNBR
5602,2022-04-07,49.11000061035156,51.56999969482422,49.060001373291016,51.38999938964844,684900,SNBR
5603,2022-04-08,51.290000915527344,54.060001373291016,50.91999816894531,51.90999984741211,541500,SNBR
5604,2022-04-11,51.790000915527344,54.27000045776367,50.97999954223633,51.470001220703125,592500,SNBR
5605,2022-04-12,51.72999954223633,53.15999984741211,50.099998474121094,50.5,805800,SNBR
5606,2022-04-13,50.5,51.619998931884766,50.5,51.0,495100,SNBR
5607,2022-04-14,51.040000915527344,51.61000061035156,49.54999923706055,49.619998931884766,783300,SNBR
5608,2022-04-18,49.130001068115234,49.709999084472656,47.689998626708984,49.15999984741211,641400,SNBR
5609,2022-04-19,48.900001525878906,52.619998931884766,48.900001525878906,52.33000183105469,678900,SNBR
5610,2022-04-20,52.029998779296875,53.029998779296875,50.7400016784668,51.470001220703125,882800,SNBR
5611,2022-04-21,45.5,47.7599983215332,43.279998779296875,45.5099983215332,2509500,SNBR
5612,2022-04-22,45.08000183105469,45.540000915527344,43.16999816894531,44.650001525878906,823400,SNBR
5613,2022-04-25,44.5099983215332,45.16999816894531,43.150001525878906,44.720001220703125,717000,SNBR
5614,2022-04-26,44.0,44.540000915527344,42.72999954223633,43.52000045776367,828700,SNBR
5615,2022-04-27,43.790000915527344,43.86000061035156,41.470001220703125,41.77000045776367,755400,SNBR
5616,2022-04-28,42.540000915527344,43.54999923706055,41.650001525878906,42.79999923706055,438000,SNBR
5617,2022-04-29,42.84000015258789,43.36000061035156,40.400001525878906,40.560001373291016,494900,SNBR
5618,2022-05-02,40.65999984741211,42.61000061035156,40.380001068115234,42.470001220703125,718000,SNBR
5619,2022-05-03,42.470001220703125,43.970001220703125,41.7599983215332,43.81999969482422,474100,SNBR
5620,2022-05-04,43.61000061035156,45.630001068115234,43.099998474121094,45.380001068115234,493100,SNBR
5621,2022-05-05,44.540000915527344,44.59000015258789,41.54999923706055,43.209999084472656,438900,SNBR
5622,2022-05-06,42.86000061035156,43.20000076293945,41.68000030517578,42.0,593600,SNBR
5623,2022-05-09,41.189998626708984,42.619998931884766,40.83000183105469,41.689998626708984,327300,SNBR
5624,2022-05-10,42.2400016784668,42.439998626708984,39.529998779296875,40.400001525878906,845100,SNBR
5625,2022-05-11,40.27000045776367,41.130001068115234,39.369998931884766,39.43000030517578,693500,SNBR
5626,2022-05-12,38.970001220703125,40.939998626708984,38.86000061035156,40.779998779296875,623400,SNBR
5627,2022-05-13,41.31999969482422,42.88999938964844,40.84000015258789,42.52000045776367,447400,SNBR
5628,2022-05-16,42.130001068115234,43.029998779296875,41.650001525878906,41.95000076293945,493800,SNBR
5629,2022-05-17,42.689998626708984,43.93000030517578,42.54999923706055,43.630001068115234,530500,SNBR
5630,2022-05-18,42.130001068115234,42.130001068115234,40.459999084472656,41.81999969482422,834900,SNBR
5631,2022-05-19,41.56999969482422,43.63999938964844,40.5099983215332,42.15999984741211,565800,SNBR
5632,2022-05-20,42.75,43.7400016784668,41.209999084472656,43.560001373291016,828800,SNBR
5633,2022-05-23,43.68000030517578,44.900001525878906,42.81999969482422,44.09000015258789,649600,SNBR
5634,2022-05-24,43.52000045776367,44.380001068115234,41.93000030517578,42.36000061035156,621700,SNBR
5635,2022-05-25,41.900001525878906,44.25,41.900001525878906,43.720001220703125,322900,SNBR
5636,2022-05-26,44.470001220703125,48.2400016784668,44.25,47.43000030517578,718000,SNBR
5637,2022-05-27,47.47999954223633,49.9900016784668,47.470001220703125,48.380001068115234,472800,SNBR
5638,2022-05-31,47.86000061035156,48.38999938964844,45.790000915527344,45.93000030517578,517300,SNBR
5639,2022-06-01,45.849998474121094,46.25,41.29999923706055,41.349998474121094,571800,SNBR
5640,2022-06-02,41.93000030517578,42.869998931884766,41.06999969482422,42.84000015258789,506500,SNBR
5641,2022-06-03,42.40999984741211,42.56999969482422,41.0,41.20000076293945,441500,SNBR
5642,2022-06-06,41.459999084472656,42.02000045776367,39.65999984741211,41.93000030517578,405400,SNBR
5643,2022-06-07,40.95000076293945,41.810001373291016,39.619998931884766,41.279998779296875,510600,SNBR
5644,2022-06-08,41.56999969482422,42.150001525878906,40.650001525878906,41.29999923706055,301400,SNBR
5645,2022-06-09,40.95000076293945,41.029998779296875,38.77000045776367,39.02000045776367,502800,SNBR
5646,2022-06-10,38.290000915527344,38.7400016784668,36.959999084472656,37.31999969482422,553600,SNBR
5647,2022-06-13,35.93000030517578,36.61000061035156,34.5099983215332,35.189998626708984,525500,SNBR
5648,2022-06-14,35.7599983215332,35.7599983215332,33.970001220703125,34.75,584100,SNBR
5649,2022-06-15,35.08000183105469,36.279998779296875,34.88999938964844,35.529998779296875,504600,SNBR
5650,2022-06-16,34.08000183105469,34.25,31.850000381469727,32.290000915527344,611300,SNBR
5651,2022-06-17,32.54999923706055,33.79999923706055,32.290000915527344,33.720001220703125,649900,SNBR
5652,2022-06-21,34.279998779296875,34.75,32.09000015258789,32.20000076293945,743300,SNBR
5653,2022-06-22,31.68000030517578,33.16999816894531,31.68000030517578,32.41999816894531,469900,SNBR
5654,2022-06-23,32.279998779296875,34.36000061035156,32.279998779296875,34.290000915527344,379700,SNBR
5655,2022-06-24,34.34000015258789,36.36000061035156,34.099998474121094,34.790000915527344,523000,SNBR
5656,2022-06-27,35.2400016784668,35.4900016784668,33.619998931884766,33.68000030517578,476700,SNBR
5657,2022-06-28,33.91999816894531,34.41999816894531,32.45000076293945,32.47999954223633,416100,SNBR
5658,2022-06-29,32.29999923706055,32.29999923706055,30.780000686645508,31.149999618530273,481900,SNBR
5659,2022-06-30,30.350000381469727,31.59000015258789,29.68000030517578,30.950000762939453,543300,SNBR
5660,2022-07-01,31.030000686645508,31.850000381469727,30.639999389648438,31.149999618530273,353000,SNBR
5661,2022-07-05,30.809999465942383,32.459999084472656,30.3799991607666,32.43000030517578,424200,SNBR
5662,2022-07-06,32.119998931884766,32.43000030517578,30.389999389648438,30.670000076293945,383300,SNBR
5663,2022-07-07,31.1299991607666,32.630001068115234,30.719999313354492,32.349998474121094,356600,SNBR
5664,2022-07-08,32.2400016784668,32.91999816894531,31.770000457763672,32.560001373291016,336400,SNBR
5665,2022-07-11,32.209999084472656,32.90999984741211,31.549999237060547,32.41999816894531,346400,SNBR
5666,2022-07-12,32.369998931884766,33.4900016784668,32.22999954223633,32.619998931884766,357000,SNBR
5667,2022-07-13,32.11000061035156,33.540000915527344,31.799999237060547,32.9900016784668,331800,SNBR
5668,2022-07-14,32.400001525878906,32.86000061035156,31.709999084472656,32.029998779296875,347900,SNBR
5669,2022-07-15,32.849998474121094,33.119998931884766,31.989999771118164,32.86000061035156,334200,SNBR
5670,2022-07-18,33.65999984741211,34.470001220703125,33.4900016784668,33.72999954223633,432800,SNBR
5671,2022-07-19,34.369998931884766,35.7400016784668,34.18000030517578,35.59000015258789,433100,SNBR
5672,2022-07-20,35.15999984741211,36.11000061035156,34.11000061035156,35.900001525878906,373100,SNBR
5673,2022-07-21,35.849998474121094,38.4900016784668,35.52000045776367,38.43000030517578,709000,SNBR
5674,2022-07-22,38.310001373291016,39.439998626708984,36.880001068115234,37.68000030517578,460100,SNBR
5675,2022-07-25,37.720001220703125,38.0,36.849998474121094,37.5099983215332,326400,SNBR
5676,2022-07-26,36.27000045776367,36.900001525878906,35.27000045776367,35.41999816894531,415900,SNBR
5677,2022-07-27,35.11000061035156,36.650001525878906,34.25,36.43000030517578,948100,SNBR
5678,2022-07-28,35.970001220703125,43.38999938964844,35.459999084472656,42.88999938964844,1561500,SNBR
5679,2022-07-29,43.02000045776367,45.2400016784668,41.81999969482422,45.060001373291016,686900,SNBR
5680,2022-08-01,44.34000015258789,47.72999954223633,43.79999923706055,46.66999816894531,676200,SNBR
5681,2022-08-02,46.27000045776367,46.83000183105469,44.939998626708984,45.33000183105469,435800,SNBR
5682,2022-08-03,45.7599983215332,46.310001373291016,44.29999923706055,44.66999816894531,475200,SNBR
5683,2022-08-04,44.83000183105469,44.93000030517578,42.72999954223633,42.939998626708984,401500,SNBR
5684,2022-08-05,42.54999923706055,44.02000045776367,42.310001373291016,43.349998474121094,365400,SNBR
5685,2022-08-08,44.060001373291016,47.099998474121094,44.0099983215332,46.310001373291016,462600,SNBR
5686,2022-08-09,45.720001220703125,45.720001220703125,42.560001373291016,42.970001220703125,387500,SNBR
5687,2022-08-10,46.09000015258789,46.83000183105469,44.04999923706055,46.22999954223633,431700,SNBR
5688,2022-08-11,46.880001068115234,47.810001373291016,46.18000030517578,47.20000076293945,251400,SNBR
5689,2022-08-12,47.72999954223633,48.58000183105469,46.61000061035156,48.529998779296875,312100,SNBR
5690,2022-08-15,48.33000183105469,48.849998474121094,47.5,47.91999816894531,288500,SNBR
5691,2022-08-16,47.84000015258789,50.61000061035156,47.5,49.650001525878906,579000,SNBR
5692,2022-08-17,48.61000061035156,48.65999984741211,46.459999084472656,46.65999984741211,458500,SNBR
5693,2022-08-18,46.2599983215332,47.29999923706055,45.5,46.810001373291016,187200,SNBR
5694,2022-08-19,45.75,46.189998626708984,43.869998931884766,44.31999969482422,352300,SNBR
5695,2022-08-22,43.380001068115234,44.380001068115234,43.060001373291016,43.31999969482422,179400,SNBR
5696,2022-08-23,43.66999816894531,44.540000915527344,43.189998626708984,43.45000076293945,183700,SNBR
5697,2022-08-24,43.45000076293945,44.04999923706055,42.5099983215332,43.08000183105469,202100,SNBR
5698,2022-08-25,42.9900016784668,44.15999984741211,42.9900016784668,43.56999969482422,180000,SNBR
5699,2022-08-26,43.459999084472656,43.95000076293945,41.34000015258789,41.5099983215332,408300,SNBR
5700,2022-08-29,41.040000915527344,41.90999984741211,40.619998931884766,40.86000061035156,267400,SNBR
5701,2022-08-30,41.400001525878906,41.84000015258789,40.66999816894531,41.47999954223633,256500,SNBR
5702,2022-08-31,41.650001525878906,42.31999969482422,40.099998474121094,41.43000030517578,487600,SNBR
5703,2022-09-01,41.04999923706055,43.63999938964844,40.33000183105469,43.5099983215332,430200,SNBR
5704,2022-09-02,44.22999954223633,44.27000045776367,41.209999084472656,41.529998779296875,287200,SNBR
5705,2022-09-06,41.439998626708984,42.5099983215332,38.689998626708984,39.439998626708984,319800,SNBR
5706,2022-09-07,39.459999084472656,44.13999938964844,39.459999084472656,43.7400016784668,607500,SNBR
5707,2022-09-08,42.97999954223633,44.380001068115234,42.15999984741211,44.0,436300,SNBR
5708,2022-09-09,44.43000030517578,46.45000076293945,44.43000030517578,45.7599983215332,367000,SNBR
5709,2022-09-12,45.849998474121094,46.93000030517578,45.529998779296875,46.59000015258789,571600,SNBR
5710,2022-09-13,44.290000915527344,46.099998474121094,44.25,44.77000045776367,515100,SNBR
5711,2022-09-14,44.72999954223633,45.18000030517578,42.56999969482422,43.150001525878906,480100,SNBR
5712,2022-09-15,43.04999923706055,45.88999938964844,42.81999969482422,43.119998931884766,380600,SNBR
5713,2022-09-16,42.029998779296875,42.029998779296875,39.220001220703125,40.41999816894531,899500,SNBR
5714,2022-09-19,40.11000061035156,42.5099983215332,40.11000061035156,41.06999969482422,371900,SNBR
5715,2022-09-20,40.29999923706055,40.5,39.16999816894531,39.470001220703125,331400,SNBR
5716,2022-09-21,39.90999984741211,40.91999816894531,38.2599983215332,38.369998931884766,319300,SNBR
5717,2022-09-22,38.20000076293945,38.22999954223633,35.25,35.77000045776367,557100,SNBR
5718,2022-09-23,35.439998626708984,35.93000030517578,34.27000045776367,35.20000076293945,371700,SNBR
5719,2022-09-26,34.90999984741211,36.18000030517578,34.040000915527344,34.08000183105469,282500,SNBR
5720,2022-09-27,34.66999816894531,35.43000030517578,34.2400016784668,34.959999084472656,235400,SNBR
5721,2022-09-28,35.310001373291016,36.9900016784668,34.900001525878906,36.11000061035156,410200,SNBR
5722,2022-09-29,34.849998474121094,35.02000045776367,32.75,33.59000015258789,444700,SNBR
5723,2022-09-30,33.099998474121094,34.4900016784668,32.2400016784668,33.810001373291016,408400,SNBR
5724,2022-10-03,34.02000045776367,35.0099983215332,33.77000045776367,34.2599983215332,390800,SNBR
5725,2022-10-04,35.2599983215332,37.689998626708984,35.2599983215332,37.650001525878906,523300,SNBR
5726,2022-10-05,36.45000076293945,37.63999938964844,35.790000915527344,37.2400016784668,319700,SNBR
5727,2022-10-06,37.31999969482422,38.650001525878906,37.22999954223633,38.2599983215332,275800,SNBR
5728,2022-10-07,37.65999984741211,37.84000015258789,36.400001525878906,37.09000015258789,289800,SNBR
5729,2022-10-10,37.72999954223633,37.72999954223633,36.68000030517578,37.20000076293945,254100,SNBR
5730,2022-10-11,36.959999084472656,37.0,34.86000061035156,35.790000915527344,580700,SNBR
5731,2022-10-12,35.83000183105469,36.95000076293945,35.349998474121094,36.36000061035156,259600,SNBR
5732,2022-10-13,34.560001373291016,36.54999923706055,33.150001525878906,35.47999954223633,380300,SNBR
5733,2022-10-14,35.88999938964844,36.150001525878906,33.939998626708984,33.9900016784668,240800,SNBR
5734,2022-10-17,34.290000915527344,35.09000015258789,33.33000183105469,33.7400016784668,565500,SNBR
5735,2022-10-18,35.11000061035156,36.349998474121094,33.849998474121094,34.560001373291016,488700,SNBR
5736,2022-10-19,34.040000915527344,34.209999084472656,31.610000610351562,31.969999313354492,440400,SNBR
5737,2022-10-20,31.780000686645508,33.06999969482422,31.649999618530273,31.8700008392334,281400,SNBR
5738,2022-10-21,31.8700008392334,32.72999954223633,31.489999771118164,32.63999938964844,313700,SNBR
5739,2022-10-24,32.65999984741211,33.58000183105469,31.510000228881836,33.5099983215332,367200,SNBR
5740,2022-10-25,33.56999969482422,37.27000045776367,33.56999969482422,35.93000030517578,582100,SNBR
5741,2022-10-26,35.900001525878906,37.209999084472656,35.470001220703125,36.619998931884766,921500,SNBR
5742,2022-10-27,27.959999084472656,30.3700008392334,26.399999618530273,28.229999542236328,2222400,SNBR
5743,2022-10-28,28.1200008392334,29.239999771118164,27.790000915527344,29.010000228881836,723500,SNBR
5744,2022-10-31,29.0,29.110000610351562,27.700000762939453,27.739999771118164,578200,SNBR
5745,2022-11-01,28.09000015258789,28.520000457763672,26.700000762939453,27.200000762939453,561700,SNBR
5746,2022-11-02,27.209999084472656,27.209999084472656,25.040000915527344,25.100000381469727,772800,SNBR
5747,2022-11-03,25.0,25.56999969482422,24.309999465942383,24.729999542236328,563700,SNBR
5748,2022-11-04,25.350000381469727,25.350000381469727,24.040000915527344,25.239999771118164,606400,SNBR
5749,2022-11-07,25.280000686645508,26.559999465942383,24.8799991607666,26.3799991607666,358000,SNBR
5750,2022-11-08,26.739999771118164,28.200000762939453,26.25,28.190000534057617,539900,SNBR
5751,2022-11-09,28.670000076293945,30.270000457763672,28.389999389648438,29.040000915527344,687000,SNBR
5752,2022-11-10,30.75,32.400001525878906,30.110000610351562,31.059999465942383,1115400,SNBR
5753,2022-11-11,31.059999465942383,33.189998626708984,31.010000228881836,33.099998474121094,533900,SNBR
5754,2022-11-14,32.959999084472656,34.7400016784668,32.400001525878906,32.75,963500,SNBR
5755,2022-11-15,33.779998779296875,34.779998779296875,33.119998931884766,33.81999969482422,390800,SNBR
5756,2022-11-16,32.63999938964844,33.650001525878906,32.209999084472656,32.66999816894531,336100,SNBR
5757,2022-11-17,32.189998626708984,32.220001220703125,31.149999618530273,31.829999923706055,408100,SNBR
5758,2022-11-18,32.900001525878906,32.900001525878906,30.780000686645508,30.959999084472656,293500,SNBR
5759,2022-11-21,30.899999618530273,30.959999084472656,29.510000228881836,29.719999313354492,470300,SNBR
5760,2022-11-22,30.049999237060547,30.850000381469727,29.75,30.110000610351562,314500,SNBR
5761,2022-11-23,29.90999984741211,30.440000534057617,29.530000686645508,30.25,245300,SNBR
5762,2022-11-25,30.049999237060547,31.049999237060547,29.93000030517578,30.049999237060547,152400,SNBR
5763,2022-11-28,29.579999923706055,29.950000762939453,28.510000228881836,28.530000686645508,391600,SNBR
5764,2022-11-29,28.309999465942383,28.399999618530273,27.15999984741211,27.170000076293945,372300,SNBR
5765,2022-11-30,26.93000030517578,29.290000915527344,26.579999923706055,29.25,528400,SNBR
5766,2022-12-01,29.3700008392334,30.6200008392334,29.350000381469727,30.139999389648438,360400,SNBR
5767,2022-12-02,29.549999237060547,30.959999084472656,29.149999618530273,30.850000381469727,318000,SNBR
5768,2022-12-05,30.639999389648438,30.760000228881836,28.920000076293945,29.059999465942383,327600,SNBR
5769,2022-12-06,29.049999237060547,29.309999465942383,28.280000686645508,28.450000762939453,302000,SNBR
5770,2022-12-07,28.299999237060547,28.780000686645508,27.6200008392334,28.709999084472656,213300,SNBR
5771,2022-12-08,28.860000610351562,29.709999084472656,28.520000457763672,29.280000686645508,219000,SNBR
5772,2022-12-09,28.920000076293945,29.3799991607666,28.3700008392334,28.75,240200,SNBR
5773,2022-12-12,28.549999237060547,29.969999313354492,28.459999084472656,29.729999542236328,420400,SNBR
5774,2022-12-13,31.0,31.989999771118164,28.209999084472656,29.290000915527344,474200,SNBR
5775,2022-12-14,29.229999542236328,29.790000915527344,28.309999465942383,29.030000686645508,399200,SNBR
5776,2022-12-15,28.450000762939453,28.579999923706055,27.420000076293945,27.479999542236328,401800,SNBR
5777,2022-12-16,26.940000534057617,27.610000610351562,26.559999465942383,27.1299991607666,1413000,SNBR
5778,2022-12-19,27.1299991607666,27.6299991607666,25.969999313354492,26.030000686645508,385800,SNBR
5779,2022-12-20,25.709999084472656,26.1299991607666,25.010000228881836,25.290000915527344,505200,SNBR
5780,2022-12-21,25.579999923706055,26.100000381469727,25.040000915527344,25.139999389648438,491400,SNBR
5781,2022-12-22,25.0,25.0,23.610000610351562,24.43000030517578,451800,SNBR
5782,2022-12-23,24.6299991607666,25.200000762939453,24.18000030517578,25.1200008392334,376100,SNBR
5783,2022-12-27,25.15999984741211,25.559999465942383,24.68000030517578,25.43000030517578,301000,SNBR
5784,2022-12-28,25.299999237060547,25.700000762939453,25.219999313354492,25.420000076293945,254500,SNBR
5785,2022-12-29,25.979999542236328,26.579999923706055,25.780000686645508,26.43000030517578,310900,SNBR
5786,2022-12-30,25.93000030517578,26.209999084472656,25.479999542236328,25.979999542236328,202700,SNBR
